0979,028,2012,1,500 
0979,028,2012,2,500 
0979,028,2012,2,500 
0979,028,2012,3,500 
0979,028,2012,4,500 
0979,028,2012,6,500 
0979,028,2012,6,500 
0979,028,2012,7,500 
0979,028,2012,8,500 
0979,028,2012,8,500 
0979,028,2012,9,500 
0979,028,2012,10,500 
0979,028,2012,11,500 
0979,028,2012,11,500 
0979,028,2012,12,500 
1159,006,2012,1,50000 
1159,006,2012,1,500000 
1159,006,2012,2,50000 
1159,006,2012,2,50000 
1159,006,2012,3,50000 
1159,006,2012,3,50000 
1159,006,2012,3,50000 
1159,006,2012,4,50000 
1159,006,2012,4,50000 
1159,006,2012,5,50000 
1159,006,2012,4,50000 
1159,006,2012,5,50000 
1159,006,2012,6,50000 
1159,006,2012,6,50000 
1159,006,2012,7,50000 
1159,006,2012,7,50000 
1159,006,2012,7,50000 
1159,006,2012,8,50000 
1159,006,2012,7,50000 
1159,006,2012,8,50000 
1159,006,2012,9,50000 
1159,006,2012,9,50000 
1159,006,2012,8,50000 
1159,006,2012,8,50000 
1159,006,2012,9,50000 
1159,006,2012,9,50000 
1159,006,2012,10,500000 
1159,006,2012,10,50000 
1159,006,2012,10,500000 
1159,006,2012,10,50000 
1159,006,2012,11,50000 
1938,001,2012,6,4 
1938,001,2012,7,4 
1938,001,2012,12,4 
1157,006,2012,3,150000 
1157,006,2012,3,150000 
1157,006,2012,4,150000 
1157,006,2012,5,150000 
1157,006,2012,6,160000 
1157,006,2012,6,160000 
1157,006,2012,8,160000 
1157,006,2012,8,160000 
1157,006,2012,9,160000 
1157,006,2012,10,160000 
1157,006,2012,9,160000 
1157,006,2012,11,160000 
1157,006,2012,12,160000 
1234,019,2012,4,1000 
1451,019,2012,1,1000 
1274,019,2012,1,1000 
1274,019,2012,1,1000 
1274,019,2012,1,1000 
1512,019,2012,1,20000 
1512,019,2012,2,20000 
1512,019,2012,2,20000 
1274,019,2012,1,1000 
1274,019,2012,2,1000 
1274,019,2012,2,1000 
1274,019,2012,2,1000 
1274,019,2012,2,2000 
1451,019,2012,2,1000 
1274,019,2012,3,1000 
1274,019,2012,3,1000 
1512,019,2012,3,20000 
1274,019,2012,3,1000 
1512,019,2012,3,20000 
1512,019,2012,3,10000 
1512,019,2012,3,10000 
1512,019,2012,4,30000 
1512,019,2012,4,20000 
1274,019,2012,4,1000 
1274,019,2012,4,1000 
1451,019,2012,4,1000 
1512,019,2012,4,20000 
1512,019,2012,5,40000 
1274,019,2012,5,1000 
1274,019,2012,5,1000 
1451,019,2012,5,1000 
1274,019,2012,6,1000 
1512,019,2012,6,30000 
1512,019,2012,6,30000 
1512,019,2012,7,30000 
1274,019,2012,6,1000 
1451,019,2012,6,1000 
1274,019,2012,6,1000 
1274,019,2012,7,1000 
1512,019,2012,7,30000 
1512,019,2012,8,30000 
1512,019,2012,8,30000 
1274,019,2012,7,1000 
1451,019,2012,7,1000 
1274,019,2012,8,1000 
1274,019,2012,8,1000 
1274,019,2012,8,1000 
1274,019,2012,9,1000 
1451,019,2012,9,1000 
1512,019,2012,9,60000 
1512,019,2012,9,30000 
1512,019,2012,10,30000 
1274,019,2012,9,1000 
1451,019,2012,10,1000 
1274,019,2012,10,1000 
1274,019,2012,10,1000 
1274,019,2012,11,1000 
1512,019,2012,11,30000 
1512,019,2012,11,30000 
1512,019,2012,12,30000 
1512,019,2012,12,30000 
1451,019,2012,12,1000 
1274,019,2012,12,1000 
1970,005,2012,2,28000 
1970,005,2012,3,4000 
1970,005,2012,3,28000 
1970,005,2012,3,9000 
1970,005,2012,4,4000 
1970,005,2012,4,2000 
1970,005,2012,5,1000 
1970,005,2012,5,23000 
1970,005,2012,5,1000 
1970,005,2012,5,1000 
1970,005,2012,6,26000 
1970,005,2012,6,1000 
1970,005,2012,7,35000 
1970,005,2012,7,2000 
1970,005,2012,7,36000 
1970,005,2012,7,2000 
1970,005,2012,7,1000 
1970,005,2012,8,15000 
1970,005,2012,8,7000 
1970,005,2012,9,42000 
1970,005,2012,9,45000 
1970,005,2012,9,1000 
1970,005,2012,10,16000 
1970,005,2012,10,2000 
1970,005,2012,10,2000 
1970,005,2012,11,1000 
1970,005,2012,11,2000 
1970,005,2012,11,3000 
1970,005,2012,12,1000 
1970,005,2012,12,2000 
1372,019,2012,1,600 
1372,019,2012,1,300 
1372,019,2012,1,1600 
1372,019,2012,1,900 
1372,019,2012,1,1300 
1372,019,2012,1,1600 
1372,019,2012,2,200 
1372,019,2012,2,1000 
1372,019,2012,2,1800 
1372,019,2012,3,1400 
1372,019,2012,3,100 
1372,019,2012,3,1400 
1372,019,2012,3,1200 
1372,019,2012,3,300 
1372,019,2012,3,400 
1372,019,2012,3,900 
1372,019,2012,4,300 
1372,019,2012,4,600 
1372,019,2012,4,800 
1372,019,2012,4,2700 
1372,019,2012,4,300 
1372,019,2012,4,300 
1372,019,2012,4,900 
1372,019,2012,4,200 
1372,019,2012,5,900 
1372,019,2012,5,500 
1372,019,2012,5,1300 
1372,019,2012,5,500 
1372,019,2012,5,100 
1372,019,2012,5,900 
1372,019,2012,5,1200 
1372,019,2012,5,1500 
1372,019,2012,5,600 
1372,019,2012,6,300 
1372,019,2012,5,400 
1372,019,2012,6,1600 
1372,019,2012,6,1300 
1372,019,2012,6,1900 
1372,019,2012,6,600 
1372,019,2012,6,100 
1372,019,2012,6,600 
1372,019,2012,7,500 
1372,019,2012,7,100 
1372,019,2012,7,600 
1372,019,2012,7,500 
1372,019,2012,7,200 
1372,019,2012,7,600 
1372,019,2012,8,800 
1372,019,2012,8,900 
1372,019,2012,8,300 
1372,019,2012,8,700 
1372,019,2012,9,300 
1372,019,2012,10,600 
1372,019,2012,9,1300 
1372,019,2012,11,200 
1372,019,2012,11,300 
1372,019,2012,12,100 
1372,019,2012,12,200 
1372,019,2012,12,900 
1994,019,2012,11,3000 
0558,030,2012,8,5000 
0560,030,2012,8,15000 
0561,030,2012,10,2000 
1994,019,2012,1,100 
1994,019,2012,9,300 
1994,019,2012,9,200 
1183,030,2012,1,2000 
1184,030,2012,1,2000 
1184,030,2012,3,5000 
0561,030,2012,8,100 
0561,030,2012,11,400 
1150,006,2012,1,60000 
1150,006,2012,2,30000 
1150,006,2012,2,30000 
1150,006,2012,2,30000 
1150,006,2012,2,10000 
1150,006,2012,4,10000 
1173,006,2012,3,5000 
1150,006,2012,4,10000 
1150,006,2012,5,10000 
1173,006,2012,5,5000 
1150,006,2012,5,20000 
1150,006,2012,5,10000 
1150,006,2012,6,10000 
1150,006,2012,5,40000 
1150,006,2012,6,10000 
1150,006,2012,6,10000 
1150,006,2012,6,30000 
1150,006,2012,6,30000 
1150,006,2012,6,20000 
1150,006,2012,7,30000 
1150,006,2012,7,20000 
1150,006,2012,7,30000 
1150,006,2012,8,35000 
1150,006,2012,8,5000 
1150,006,2012,8,20000 
1150,006,2012,8,10000 
1150,006,2012,9,30000 
1150,006,2012,9,20000 
1150,006,2012,9,20000 
1150,006,2012,10,40000 
1150,006,2012,10,30000 
1150,006,2012,10,30000 
1150,006,2012,10,10000 
1150,006,2012,10,30000 
1150,006,2012,11,10000 
1150,006,2012,11,10000 
1150,006,2012,11,10000 
1150,006,2012,12,20000 
1150,006,2012,12,90000 
1150,006,2012,12,30000 
1900,019,2012,1,200 
1248,019,2012,1,10000 
1278,019,2012,2,1000 
1274,019,2012,2,1000 
1900,019,2012,2,200 
1248,019,2012,3,10000 
1900,019,2012,4,200 
1900,019,2012,4,200 
1278,019,2012,5,1000 
1359,019,2012,4,80000 
1248,019,2012,4,10000 
1900,019,2012,4,200 
1900,019,2012,5,200 
1900,019,2012,5,200 
1900,019,2012,5,400 
1359,019,2012,5,70000 
1900,019,2012,5,200 
1900,019,2012,6,200 
1248,019,2012,6,10000 
1900,019,2012,6,400 
1278,019,2012,6,2000 
1900,019,2012,6,200 
1359,019,2012,6,80000 
1900,019,2012,7,200 
1900,019,2012,7,200 
1359,019,2012,7,100000 
1900,019,2012,8,400 
1248,019,2012,8,10000 
1900,019,2012,8,200 
1359,019,2012,8,100000 
1900,019,2012,8,200 
1900,019,2012,9,200 
1278,019,2012,9,1000 
1900,019,2012,9,200 
1359,019,2012,10,80000 
1900,019,2012,10,200 
1248,019,2012,10,10000 
1278,019,2012,10,1000 
1900,019,2012,10,200 
1359,019,2012,10,80000 
1900,019,2012,11,200 
1248,019,2012,11,10000 
1900,019,2012,11,200 
1900,019,2012,11,200 
1274,019,2012,12,2000 
1270,019,2012,6,4000 
1581,005,2012,1,2000 
1581,005,2012,2,2000 
1581,005,2012,2,5000 
2015,005,2012,2,2000 
1581,005,2012,2,5000 
1581,005,2012,3,6000 
1581,005,2012,3,10000 
1581,005,2012,3,2000 
2015,005,2012,3,1000 
1581,005,2012,3,10000 
1581,005,2012,3,4000 
1581,005,2012,4,5000 
1581,005,2012,4,10000 
1581,005,2012,4,4000 
1581,005,2012,4,1000 
1581,005,2012,4,3000 
1581,005,2012,5,20000 
1581,005,2012,5,5000 
1581,005,2012,5,5000 
2008,005,2012,5,9000 
2008,005,2012,5,1000 
2015,005,2012,5,5000 
1581,005,2012,6,5000 
1581,005,2012,6,3000 
1581,005,2012,6,5000 
2015,005,2012,6,2000 
1581,005,2012,7,4000 
2004,005,2012,7,1000 
1581,005,2012,7,1000 
1581,005,2012,7,2000 
1581,005,2012,7,1000 
1581,005,2012,7,10000 
1581,005,2012,7,6000 
1581,005,2012,8,5000 
1581,005,2012,8,5000 
2015,005,2012,8,1000 
1581,005,2012,8,1000 
1581,005,2012,8,4000 
1581,005,2012,8,5000 
1581,005,2012,10,9000 
2015,005,2012,10,2000 
2004,005,2012,10,1000 
1581,005,2012,10,4000 
1581,005,2012,10,3000 
1581,005,2012,10,5000 
1581,005,2012,11,8000 
1581,005,2012,11,8000 
2008,005,2012,11,1000 
1581,005,2012,11,3000 
1581,005,2012,12,4000 
2015,005,2012,12,3000 
1581,005,2012,12,3000 
0071,019,2012,1,99000 
1570,019,2012,1,8000 
0083,019,2012,1,40000 
1570,019,2012,1,15000 
1570,019,2012,1,28000 
0083,019,2012,2,20000 
0083,019,2012,2,1000 
0083,019,2012,2,152000 
0071,019,2012,2,100000 
1570,019,2012,2,30000 
0083,019,2012,2,199000 
0083,019,2012,2,3000 
1502,019,2012,2,3000 
1570,019,2012,3,42500 
1570,019,2012,3,7500 
0083,019,2012,3,6000 
1570,019,2012,3,10000 
0071,019,2012,3,100000 
0083,019,2012,3,207000 
1570,019,2012,3,5000 
1502,019,2012,3,3500 
1570,019,2012,4,10000 
0071,019,2012,4,1000 
0083,019,2012,4,1000 
0083,019,2012,4,3000 
1570,019,2012,4,25500 
1570,019,2012,5,4000 
0083,019,2012,5,10000 
1570,019,2012,5,15000 
1570,019,2012,5,10000 
0071,019,2012,5,80000 
0083,019,2012,5,100000 
1570,019,2012,5,500 
0083,019,2012,5,1000 
1570,019,2012,6,70000 
1502,019,2012,6,2000 
1570,019,2012,6,4500 
0083,019,2012,6,1000 
1570,019,2012,6,53000 
0071,019,2012,6,280000 
0083,019,2012,6,260000 
1570,019,2012,6,1500 
1570,019,2012,7,57000 
0071,019,2012,7,325000 
1570,019,2012,7,163500 
0071,019,2012,7,200000 
0071,019,2012,7,1000 
0071,019,2012,7,249000 
0083,019,2012,7,280000 
0083,019,2012,7,400000 
0083,019,2012,7,2000 
0083,019,2012,7,8000 
0083,019,2012,7,2000 
1570,019,2012,7,5000 
1570,019,2012,7,3500 
0083,019,2012,8,10000 
0083,019,2012,8,20000 
1570,019,2012,8,1500 
1570,019,2012,8,3500 
1502,019,2012,8,2000 
1570,019,2012,9,42000 
1502,019,2012,9,1500 
1570,019,2012,9,1000 
1570,019,2012,10,44000 
1570,019,2012,10,2000 
1570,019,2012,10,5000 
1570,019,2012,10,2000 
1570,019,2012,10,10000 
0083,019,2012,11,8000 
1570,019,2012,11,56000 
0071,019,2012,12,250000 
0083,019,2012,12,150000 
0083,019,2012,12,60000 
1904,019,2012,1,10000 
1241,019,2012,2,200000 
1241,019,2012,4,160000 
1241,019,2012,6,160000 
1570,019,2012,2,160000 
1570,019,2012,4,130000 
1570,019,2012,6,130000 
1574,019,2012,2,80000 
1574,019,2012,4,46000 
1574,019,2012,6,46000 
1904,019,2012,2,180000 
1904,019,2012,3,90000 
1904,019,2012,4,95000 
1904,019,2012,6,140000 
0639,019,2012,2,8 
0639,019,2012,2,2 
1234,019,2012,3,2000 
0639,019,2012,3,10 
1234,019,2012,5,5000 
1241,019,2012,6,15000 
1241,019,2012,7,15000 
1241,019,2012,7,30000 
1570,019,2012,6,55000 
1570,019,2012,7,55000 
1570,019,2012,7,55000 
1570,019,2012,7,45000 
1574,019,2012,6,88000 
1904,019,2012,6,100000 
1904,019,2012,7,87000 
1904,019,2012,7,87000 
1904,019,2012,7,86000 
1904,019,2012,6,10000 
1234,019,2012,7,2000 
1241,019,2012,8,5000 
1241,019,2012,8,100000 
1241,019,2012,8,30000 
1241,019,2012,8,130000 
1570,019,2012,8,90000 
1570,019,2012,8,90000 
1574,019,2012,8,70000 
1574,019,2012,8,25000 
1574,019,2012,8,55000 
1904,019,2012,8,100000 
1904,019,2012,8,100000 
0639,019,2012,8,5 
1510,019,2012,8,14000 
0639,019,2012,9,5 
0639,019,2012,9,6 
1241,019,2012,9,170000 
1241,019,2012,10,100000 
1241,019,2012,11,100000 
1241,019,2012,12,100000 
1570,019,2012,9,85000 
1570,019,2012,10,85000 
1570,019,2012,11,85000 
1570,019,2012,12,85000 
1574,019,2012,9,65000 
1574,019,2012,10,65000 
1574,019,2012,11,65000 
1574,019,2012,12,60000 
1904,019,2012,9,100000 
1904,019,2012,10,100000 
1904,019,2012,11,100000 
1904,019,2012,12,100000 
0639,019,2012,9,10 
0639,019,2012,10,6 
1510,019,2012,10,5000 
0639,019,2012,11,10 
1431,019,2012,11,10000 
1234,019,2012,11,3000 
1234,019,2012,11,2000 
1510,019,2012,11,5000 
1241,019,2012,12,75000 
1241,019,2012,12,75000 
1570,019,2012,12,72500 
1570,019,2012,12,72500 
1904,019,2012,12,150000 
1904,019,2012,12,100000 
0639,019,2012,12,10 
0639,019,2012,12,5 
0558,030,2012,6,2000 
0556,030,2012,9,500 
1486,019,2012,2,27000 
1486,019,2012,2,23000 
1246,019,2012,3,2000 
1486,019,2012,3,10000 
1486,019,2012,4,50000 
1486,019,2012,5,50000 
1246,019,2012,6,1000 
1246,019,2012,7,1000 
1486,019,2012,7,5000 
1486,019,2012,7,50000 
1486,019,2012,9,50000 
1246,019,2012,10,3000 
1486,019,2012,10,20000 
1486,019,2012,11,50000 
1246,019,2012,12,2000 
1486,019,2012,12,50000 
1431,019,2011,12,1000 
1101,032,2012,2,2000 
1101,032,2012,5,1000 
1101,032,2012,11,1000 
1278,019,2012,1,12000 
1245,019,2012,1,20000 
1245,019,2012,1,10000 
1263,019,2012,1,30000 
1278,019,2011,12,1000 
1278,019,2012,1,150000 
1245,019,2012,2,15000 
1245,019,2012,1,20000 
1245,019,2012,1,70000 
1278,019,2012,1,50000 
1263,019,2012,2,30000 
1263,019,2012,3,10000 
1245,019,2012,2,70000 
1245,019,2012,3,20000 
1245,019,2012,3,20000 
1245,019,2012,4,20000 
1245,019,2012,4,100000 
1263,019,2012,4,30000 
1278,019,2012,5,150000 
1278,019,2012,5,10000 
1245,019,2012,5,20000 
1245,019,2012,6,15000 
1278,019,2012,5,50000 
1245,019,2012,4,8000 
1245,019,2012,5,80000 
1263,019,2012,7,30000 
1245,019,2012,7,25000 
1278,019,2012,6,10000 
1278,019,2012,7,10000 
1278,019,2012,7,10000 
1263,019,2012,8,10000 
1278,019,2012,7,10000 
1245,019,2012,8,20000 
1245,019,2012,7,150000 
1278,019,2012,8,150000 
1278,019,2012,8,20000 
1245,019,2012,8,170000 
1278,019,2012,9,10000 
1278,019,2012,10,10000 
1245,019,2012,9,20000 
1278,019,2012,10,10000 
1245,019,2012,10,10000 
1278,019,2012,10,1000 
1278,019,2012,10,160000 
1245,019,2012,10,40000 
1278,019,2012,11,50000 
1278,019,2012,11,20000 
1278,019,2012,11,10000 
1278,019,2012,12,1000 
1245,019,2012,12,20000 
1278,019,2012,11,10000 
1245,019,2012,12,120000 
1278,019,2012,11,10000 
1278,019,2012,12,10000 
1245,019,2012,12,85000 
1278,019,2012,12,10000 
1278,019,2012,12,10000 
1245,019,2012,12,20000 
0965,006,2012,6,2 
1264,019,2012,1,10000 
1432,019,2012,1,5000 
1480,019,2012,1,10000 
1521,019,2012,2,10000 
0980,028,2012,5,10000 
0980,028,2012,6,3500 
0980,028,2012,9,2700 
0664,011,2012,1,1 
0664,011,2012,1,3 
0664,011,2012,1,2 
0664,011,2012,1,2 
0664,011,2012,1,1 
0664,011,2012,1,1 
0664,011,2012,1,1 
0664,011,2012,1,1 
0664,011,2012,1,1 
0664,011,2012,1,2 
0664,011,2012,1,2 
0664,011,2012,2,1 
0664,011,2012,2,4 
0664,011,2012,2,1 
0664,011,2012,2,3 
0664,011,2012,2,2 
0664,011,2012,2,1 
0664,011,2012,2,1 
0664,011,2012,2,1 
0664,011,2012,2,1 
0664,011,2012,2,1 
0664,011,2012,2,1 
0664,011,2012,2,3 
0664,011,2012,2,3 
0664,011,2012,2,1 
0664,011,2012,2,3 
0664,011,2012,2,2 
0664,011,2012,3,2 
0664,011,2012,3,1 
0664,011,2012,3,1 
0664,011,2012,3,4 
0664,011,2012,3,1 
0664,011,2012,3,3 
0664,011,2012,3,10 
0664,011,2012,3,1 
0664,011,2012,4,2 
0664,011,2012,8,1 
0031,005,2012,1,200 
0031,005,2012,1,100 
0031,005,2012,1,100 
0031,005,2012,1,100 
0031,005,2012,1,100 
0031,005,2012,1,100 
0031,005,2012,2,100 
0031,005,2012,2,100 
0031,005,2012,2,100 
0031,005,2012,2,300 
0031,005,2012,2,100 
0031,005,2012,3,100 
0031,005,2012,3,200 
0031,005,2012,3,100 
0031,005,2012,3,100 
0031,005,2012,4,100 
0031,005,2012,4,100 
0031,005,2012,4,200 
0031,005,2012,4,200 
0031,005,2012,4,100 
0031,005,2012,4,200 
0031,005,2012,4,100 
0031,005,2012,5,100 
0031,005,2012,5,100 
0031,005,2012,5,100 
0031,005,2012,5,100 
0031,005,2012,5,100 
0031,005,2012,5,100 
0031,005,2012,5,100 
0031,005,2012,6,200 
0031,005,2012,7,100 
0031,005,2012,7,100 
0031,005,2012,8,100 
0031,005,2012,7,100 
0031,005,2012,7,100 
0031,005,2012,7,100 
0031,005,2012,7,100 
0031,005,2012,6,200 
0031,005,2012,8,100 
0031,005,2012,8,100 
0031,005,2012,8,100 
0031,005,2012,8,100 
0031,005,2012,9,100 
0031,005,2012,9,100 
0031,005,2012,9,100 
0031,005,2012,9,100 
0031,005,2012,10,100 
0031,005,2012,10,100 
0031,005,2012,10,100 
0031,005,2012,10,100 
0031,005,2012,10,100 
0031,005,2012,10,200 
0031,005,2012,11,100 
0031,005,2012,11,100 
0031,005,2012,11,100 
0031,005,2012,11,100 
0031,005,2012,11,100 
0031,005,2012,12,100 
0031,005,2012,12,100 
0031,005,2012,12,200 
0031,005,2012,12,100 
0031,005,2012,12,100 
0031,005,2012,12,100 
0031,005,2012,12,100 
0031,005,2012,12,100 
0031,005,2012,12,100 
1262,019,2012,1,300 
1430,019,2012,1,300 
1430,019,2012,1,200 
1469,019,2012,1,100 
1430,019,2012,1,100 
1469,019,2012,1,100 
1250,019,2012,1,100 
1316,019,2012,1,100 
1410,019,2012,1,100 
1315,019,2012,1,100 
1430,019,2012,1,100 
1469,019,2012,1,100 
1250,019,2012,1,200 
1316,019,2012,1,300 
1410,019,2012,1,1000 
1316,019,2012,1,1000 
1316,019,2012,2,200 
1250,019,2012,2,1000 
1316,019,2012,2,1000 
1315,019,2012,2,200 
1262,019,2012,2,1000 
1430,019,2012,2,500 
1315,019,2012,3,100 
1262,019,2012,3,500 
1316,019,2012,3,100 
1315,019,2012,3,600 
1315,019,2012,3,200 
1430,019,2012,3,200 
1469,019,2012,3,100 
1316,019,2012,3,1000 
1262,019,2012,3,100 
1315,019,2012,3,200 
1371,019,2012,3,200 
1430,019,2012,3,200 
1469,019,2012,3,200 
1430,019,2012,3,100 
1250,019,2012,3,100 
1315,019,2012,4,200 
1250,019,2012,4,1000 
1316,019,2012,4,1000 
1410,019,2012,4,200 
1250,019,2012,4,100 
1262,019,2012,4,500 
1315,019,2012,4,500 
1371,019,2012,4,500 
1262,019,2012,4,300 
1371,019,2012,4,300 
1430,019,2012,4,500 
1316,019,2012,5,2000 
1316,019,2012,5,600 
1410,019,2012,5,300 
1470,019,2012,5,200 
1316,019,2012,5,2000 
1371,019,2012,5,200 
1430,019,2012,5,200 
1250,019,2012,5,300 
1316,019,2012,6,100 
1250,019,2012,6,1000 
1372,019,2012,6,100 
1410,019,2012,6,100 
1250,019,2012,5,2000 
1250,019,2012,6,200 
1410,019,2012,6,200 
1371,019,2012,6,200 
1430,019,2012,6,200 
1250,019,2012,6,100 
1315,019,2012,6,100 
1469,019,2012,6,100 
1316,019,2012,6,2000 
1315,019,2012,6,200 
1430,019,2012,6,200 
1469,019,2012,6,100 
1315,019,2012,6,200 
1430,019,2012,6,700 
1469,019,2012,6,200 
1286,019,2012,6,1000 
1250,019,2012,7,500 
1316,019,2012,7,500 
1372,019,2012,7,300 
1410,019,2012,7,500 
1470,019,2012,7,300 
1262,019,2012,7,200 
1315,019,2012,7,200 
1430,019,2012,7,300 
1315,019,2012,7,100 
1469,019,2012,7,100 
1262,019,2012,7,100 
1315,019,2012,7,400 
1469,019,2012,7,200 
1430,019,2012,7,100 
1262,019,2012,7,100 
1286,019,2012,7,500 
1316,019,2012,7,2000 
1262,019,2012,7,200 
1430,019,2012,7,200 
1371,019,2012,7,200 
1250,019,2012,7,100 
1316,019,2012,7,100 
1250,019,2012,8,200 
1410,019,2012,8,200 
1316,019,2012,8,300 
1372,019,2012,8,200 
1470,019,2012,8,100 
1250,019,2012,8,100 
1372,019,2012,8,100 
1410,019,2012,8,100 
1250,019,2012,8,200 
1316,019,2012,8,200 
1470,019,2012,8,100 
1372,019,2012,8,200 
1410,019,2012,8,200 
1470,019,2012,8,100 
1250,019,2012,9,100 
1250,019,2012,9,100 
1410,019,2012,9,100 
1316,019,2012,9,100 
1410,019,2012,9,100 
1316,019,2012,9,400 
1410,019,2012,9,200 
1470,019,2012,9,200 
1262,019,2012,9,500 
1315,019,2012,9,500 
1316,019,2012,9,200 
1315,019,2012,9,200 
1250,019,2012,9,200 
1316,019,2012,9,100 
1372,019,2012,9,100 
1410,019,2012,9,100 
1316,019,2012,9,100 
1316,019,2012,11,100 
1410,019,2012,11,100 
1410,019,2012,11,100 
1470,019,2012,11,100 
1470,019,2012,11,100 
1250,019,2012,12,300 
1316,019,2012,12,100 
1250,019,2012,12,100 
1316,019,2012,12,100 
1250,019,2012,12,300 
1372,019,2012,12,200 
1410,019,2012,12,200 
1470,019,2012,12,200 
1316,019,2012,12,400 
1410,019,2012,12,200 
1250,019,2012,12,100 
1316,019,2012,12,100 
1410,019,2012,3,1000 
1489,019,2012,8,1000 
1400,019,2012,10,1000 
1357,019,2012,10,1000 
1357,019,2012,10,2000 
1400,019,2012,11,2000 
1489,019,2012,11,1000 
0113,006,2012,4,10000 
1274,019,2012,1,2000 
1286,019,2012,1,3000 
1294,019,2012,1,2000 
1274,019,2012,1,4000 
1274,019,2012,1,2000 
1274,019,2012,2,2000 
1377,019,2012,2,2000 
1452,019,2012,2,1000 
1286,019,2012,3,1000 
1286,019,2012,4,2000 
1294,019,2012,4,2000 
1286,019,2012,5,2000 
1286,019,2012,5,2000 
1286,019,2012,6,2000 
1294,019,2012,6,2000 
1274,019,2012,7,2000 
1294,019,2012,7,1000 
1377,019,2012,7,1000 
1452,019,2012,7,1000 
1274,019,2012,8,1000 
1274,019,2012,8,2000 
1286,019,2012,9,3000 
1294,019,2012,9,1000 
1274,019,2012,10,2000 
1286,019,2012,12,2000 
1377,019,2012,12,1000 
1381,019,2012,12,1000 
1274,019,2012,12,1000 
1361,033,2012,3,20000 
1361,033,2012,6,10000 
1361,033,2012,9,10000 
1361,033,2012,10,10000 
1361,033,2012,12,10000 
1158,006,2012,5,20000 
1160,006,2012,12,8000 
1160,006,2012,12,2000 
1149,006,2012,7,15000 
1149,006,2012,8,10000 
1149,006,2012,9,10000 
1149,006,2012,10,10000 
1149,006,2012,10,15000 
1149,006,2012,12,20000 
1160,006,2012,1,4000 
1158,006,2012,1,10000 
1149,006,2012,2,5000 
1149,006,2012,2,20000 
1158,006,2012,2,20000 
1160,006,2012,2,4000 
1149,006,2012,3,20000 
1147,006,2012,4,5000 
1147,006,2012,5,40000 
1147,006,2012,5,10000 
1147,006,2012,5,10000 
1147,006,2012,5,5000 
1152,006,2012,6,5000 
1149,006,2012,5,10000 
1158,006,2012,5,20000 
1160,006,2012,5,4000 
1149,006,2012,6,10000 
1149,006,2012,6,5000 
1147,006,2012,6,40000 
1149,006,2012,6,15000 
1149,006,2012,7,10000 
1149,006,2012,7,5000 
1147,006,2012,7,20000 
1158,006,2012,7,20000 
1149,006,2012,7,5000 
1147,006,2012,8,10000 
1149,006,2012,8,5000 
1160,006,2012,9,4000 
1149,006,2012,10,5000 
1149,006,2012,10,5000 
1158,006,2012,10,10000 
1152,006,2012,11,5000 
1158,006,2012,11,10000 
1149,006,2012,12,20000 
1359,019,2012,1,84000 
1359,019,2012,1,1000 
1359,019,2012,2,1000 
1359,019,2012,2,15000 
1359,019,2012,2,1000 
1359,019,2012,2,1000 
1359,019,2012,5,30000 
1359,019,2012,6,1000 
1359,019,2012,6,10000 
1359,019,2012,7,28000 
1359,019,2012,8,5000 
1359,019,2012,9,10000 
1359,019,2012,9,6000 
1359,019,2012,9,1000 
1359,019,2012,10,21000 
1359,019,2012,10,2000 
1359,019,2012,11,5000 
1149,006,2012,3,30000 
1149,006,2012,10,15000 
1149,006,2012,12,5000 
0940,005,2012,1,2000 
0940,005,2012,2,1000 
0940,005,2012,2,1000 
0940,005,2012,3,2000 
0940,005,2012,4,1000 
0940,005,2012,5,1000 
0940,005,2012,6,1000 
0940,005,2012,7,1000 
0940,005,2012,7,1000 
0940,005,2012,8,1000 
0940,005,2012,8,2000 
0940,005,2012,9,1000 
0940,005,2012,10,1000 
0940,005,2012,11,2000 
0940,005,2012,12,2000 
0664,011,2012,1,30 
0664,011,2012,2,40 
0664,011,2012,6,20 
0664,011,2012,7,30 
0664,011,2012,9,2 
1632,019,2012,9,1000 
1359,019,2012,6,1000 
1359,019,2012,8,1000 
1359,019,2012,8,3000 
1359,019,2012,11,50000 
0931,006,2012,2,5000 
1312,019,2012,2,1000 
1312,019,2012,3,200 
1312,019,2012,6,100 
1312,019,2012,7,100 
1312,019,2012,9,100 
1312,019,2012,10,500 
1312,019,2012,12,1000 
1312,019,2012,12,200 
1312,019,2012,12,1000 
0931,006,2012,3,5000 
0613,001,2012,9,1 
1938,001,2012,12,3 
2001,005,2012,1,100 
2001,005,2012,3,100 
2010,005,2012,3,300 
2010,005,2012,3,400 
2010,005,2012,3,500 
2010,005,2012,6,400 
2001,005,2012,7,100 
2010,005,2012,7,100 
1970,005,2012,9,1000 
2010,005,2012,9,300 
1818,006,2012,1,30000 
1818,006,2012,1,50000 
1841,006,2012,1,30000 
1818,006,2012,3,40000 
1818,006,2012,3,10000 
1841,006,2012,3,12000 
1841,006,2012,3,8000 
1818,006,2012,4,50000 
1841,006,2012,5,1000 
1841,006,2012,6,1000 
1818,006,2012,6,50000 
1841,006,2012,6,1000 
1841,006,2012,6,1000 
1818,006,2012,9,10000 
1818,006,2012,10,10000 
1818,006,2012,11,10000 
1818,006,2012,12,10000 
1316,019,2012,2,3000 
1312,019,2012,3,100 
1427,019,2012,3,600 
1427,019,2012,3,2000