0979,1,500,1
0979,1,500,1
0979,1,500,2
0979,1,500,2
0979,1,500,3
0979,1,500,4
0979,1,500,6
0979,1,500,6
0979,1,500,7
0979,1,500,8
0979,1,500,8
0979,1,500,9
0979,1,500,10
0979,1,500,11
0979,1,500,11
0979,1,500,12
1159,1,50000,1
1159,1,100000,1
1159,1,50000,2
1159,1,50000,2
1159,1,50000,3
1159,1,50000,3
1159,1,50000,3
1159,1,50000,4
1159,1,50000,4
1159,1,50000,5
1159,1,50000,4
1159,1,50000,5
1159,1,50000,6
1159,1,50000,6
1159,1,50000,7
1159,1,50000,7
1159,1,50000,7
1159,1,50000,8
1159,1,50000,7
1159,1,50000,8
1159,1,50000,9
1159,1,50000,9
1159,1,50000,8
1159,1,50000,8
1159,1,50000,9
1159,1,50000,9
1159,1,100000,10
1159,1,50000,10
1159,1,100000,10
1159,1,50000,10
1159,1,50000,11
1938,1,4,6
1938,1,4,7
1938,1,4,12
1157,1,150000,3
1157,1,150000,3
1157,1,150000,4
1157,1,150000,5
1157,1,160000,6
1157,1,160000,6
1157,1,160000,8
1157,1,160000,8
1157,1,160000,9
1157,1,160000,10
1157,1,160000,9
1157,1,160000,11
1157,1,160000,12
1234,1,1000,4
1451,1,1000,1
1274,1,1000,1
1274,1,1000,1
1274,1,1000,1
1512,1,20000,1
1512,1,20000,2
1512,1,20000,2
1274,1,1000,1
1274,1,1000,2
1274,1,1000,2
1274,1,1000,2
1274,1,2000,2
1451,1,1000,2
1274,1,1000,3
1274,1,1000,3
1512,1,20000,3
1274,1,1000,3
1512,1,20000,3
1512,1,10000,3
1512,1,10000,3
1512,1,30000,4
1512,1,20000,4
1274,1,1000,4
1274,1,1000,4
1451,1,1000,4
1512,1,20000,4
1512,1,40000,5
1274,1,1000,5
1274,1,1000,5
1451,1,1000,5
1274,1,1000,6
1512,1,30000,6
1512,1,30000,6
1512,1,30000,7
1274,1,1000,6
1451,1,1000,6
1274,1,1000,6
1274,1,1000,7
1512,1,30000,7
1512,1,30000,8
1512,1,30000,8
1274,1,1000,7
1451,1,1000,7
1274,1,1000,8
1274,1,1000,8
1274,1,1000,8
1274,1,1000,9
1451,1,1000,9
1512,1,60000,9
1512,1,30000,9
1512,1,30000,10
1274,1,1000,9
1451,1,1000,10
1274,1,1000,10
1274,1,1000,10
1274,1,1000,11
1512,1,30000,11
1512,1,30000,11
1512,1,30000,12
1512,1,30000,12
1451,1,1000,12
1274,1,1000,12
1970,1,28000,2
1970,1,4000,3
1970,1,28000,3
1970,1,9000,3
1970,1,4000,4
1970,1,2000,4
1970,1,1000,5
1970,1,23000,5
1970,1,1000,5
1970,1,1000,5
1970,1,26000,6
1970,1,1000,6
1970,1,35000,7
1970,1,2000,7
1970,1,36000,7
1970,1,2000,7
1970,1,1000,7
1970,1,15000,8
1970,1,7000,8
1970,1,42000,9
1970,1,45000,9
1970,1,1000,9
1970,1,16000,10
1970,1,2000,10
1970,1,2000,10
1970,1,1000,11
1970,1,2000,11
1970,1,3000,11
1970,1,1000,12
1970,1,2000,12
1372,1,600,1
1372,1,300,1
1372,1,1600,1
1372,1,900,1
1372,1,1300,1
1372,1,1600,1
1372,1,200,2
1372,1,1000,2
1372,1,1800,2
1372,1,1400,3
1372,1,100,3
1372,1,1400,3
1372,1,1200,3
1372,1,300,3
1372,1,400,3
1372,1,900,3
1372,1,300,4
1372,1,600,4
1372,1,800,4
1372,1,2700,4
1372,1,300,4
1372,1,300,4
1372,1,900,4
1372,1,200,4
1372,1,900,5
1372,1,500,5
1372,1,1300,5
1372,1,500,5
1372,1,100,5
1372,1,900,5
1372,1,1200,5
1372,1,1500,5
1372,1,600,5
1372,1,300,6
1372,1,400,5
1372,1,1600,6
1372,1,1300,6
1372,1,1900,6
1372,1,600,6
1372,1,100,6
1372,1,600,6
1372,1,500,7
1372,1,100,7
1372,1,600,7
1372,1,500,7
1372,1,200,7
1372,1,600,7
1372,1,800,8
1372,1,900,8
1372,1,300,8
1372,1,700,8
1372,1,300,9
1372,1,600,10
1372,1,1300,9
1372,1,200,11
1372,1,300,11
1372,1,100,12
1372,1,200,12
1372,1,900,12
1994,100,3000,11
0558,100,5000,8
0560,100,15000,8
0561,100,2000,10
1994,100,100,1
1994,100,300,9
1994,100,200,9
1183,100,2000,1
1184,100,2000,1
1184,100,5000,3
0561,100,100,8
0561,100,400,11
1150,1,60000,1
1150,1,30000,2
1150,1,30000,2
1150,1,30000,2
1150,1,10000,2
1150,1,10000,4
1173,1,5000,3
1150,1,10000,4
1150,1,10000,5
1173,1,5000,5
1150,1,20000,5
1150,1,10000,5
1150,1,10000,6
1150,1,40000,5
1150,1,10000,6
1150,1,10000,6
1150,1,30000,6
1150,1,30000,6
1150,1,20000,6
1150,1,30000,7
1150,1,20000,7
1150,1,30000,7
1150,1,35000,8
1150,1,5000,8
1150,1,20000,8
1150,1,10000,8
1150,1,30000,9
1150,1,20000,9
1150,1,20000,9
1150,1,40000,10
1150,1,30000,10
1150,1,30000,10
1150,1,10000,10
1150,1,30000,10
1150,1,10000,11
1150,1,10000,11
1150,1,10000,11
1150,1,20000,12
1150,1,90000,12
1150,1,30000,12
1900,1,200,1
1248,1,10000,1
1278,1,1000,2
1274,1,1000,2
1900,1,200,2
1248,1,10000,3
1900,1,200,4
1900,1,200,4
1278,1,1000,5
1359,1,80000,4
1248,1,10000,4
1900,1,200,4
1900,1,200,5
1900,1,200,5
1900,1,400,5
1359,1,70000,5
1900,1,200,5
1900,1,200,6
1248,1,10000,6
1900,1,400,6
1278,1,2000,6
1900,1,200,6
1359,1,80000,6
1900,1,200,7
1900,1,200,7
1359,1,100000,7
1900,1,400,8
1248,1,10000,8
1900,1,200,8
1359,1,100000,8
1900,1,200,8
1900,1,200,9
1278,1,1000,9
1900,1,200,9
1359,1,80000,10
1900,1,200,10
1248,1,10000,10
1278,1,1000,10
1900,1,200,10
1359,1,80000,10
1900,1,200,11
1248,1,10000,11
1900,1,200,11
1900,1,200,11
1274,1,2000,12
1270,1,4000,6
1581,1000,2000,1
1581,1000,2000,2
1581,1000,5000,2
2015,1000,2000,2
1581,1000,5000,2
1581,1000,6000,3
1581,1000,10000,3
1581,1000,2000,3
2015,1000,1000,3
1581,1000,10000,3
1581,1000,4000,3
1581,1000,5000,4
1581,1000,10000,4
1581,1000,4000,4
1581,1000,1000,4
1581,1000,3000,4
1581,1000,20000,5
1581,1000,5000,5
1581,1000,5000,5
2008,1000,9000,5
2008,1000,1000,5
2015,1000,5000,5
1581,1000,5000,6
1581,1000,3000,6
1581,1000,5000,6
2015,1000,2000,6
1581,1000,4000,7
2004,1000,1000,7
1581,1000,1000,7
1581,1000,2000,7
1581,1000,1000,7
1581,1000,10000,7
1581,1000,6000,7
1581,1000,5000,8
1581,1000,5000,8
2015,1000,1000,8
1581,1000,1000,8
1581,1000,4000,8
1581,1000,5000,8
1581,1000,9000,10
2015,1000,2000,10
2004,1000,1000,10
1581,1000,4000,10
1581,1000,3000,10
1581,1000,5000,10
1581,1000,8000,11
1581,1000,8000,11
2008,1000,1000,11
1581,1000,3000,11
1581,1000,4000,12
2015,1000,3000,12
1581,1000,3000,12
0071,1000,99000,1
1570,1000,8000,1
0083,1000,40000,1
1570,1000,15000,1
1570,1000,28000,1
0083,1000,20000,2
0083,1000,1000,2
0083,1000,152000,2
0071,1000,100000,2
1570,1000,30000,2
0083,1000,199000,2
0083,1000,3000,2
1502,1000,3000,2
1570,1000,42500,3
1570,1000,7500,3
0083,1000,6000,3
1570,1000,10000,3
0071,1000,100000,3
0083,1000,207000,3
1570,1000,5000,3
1502,1000,3500,3
1570,1000,10000,4
0071,1000,1000,4
0083,1000,1000,4
0083,1000,3000,4
1570,1000,25500,4
1570,1000,4000,5
0083,1000,10000,5
1570,1000,15000,5
1570,1000,10000,5
0071,1000,80000,5
0083,1000,100000,5
1570,1000,500,5
0083,1000,1000,5
1570,1000,70000,6
1502,1000,2000,6
1570,1000,4500,6
0083,1000,1000,6
1570,1000,53000,6
0071,1000,280000,6
0083,1000,260000,6
1570,1000,1500,6
1570,1000,57000,7
0071,1000,325000,7
1570,1000,163500,7
0071,1000,200000,7
0071,1000,1000,7
0071,1000,249000,7
0083,1000,280000,7
0083,1000,400000,7
0083,1000,2000,7
0083,1000,8000,7
0083,1000,2000,7
1570,1000,5000,7
1570,1000,3500,7
0083,1000,10000,8
0083,1000,20000,8
1570,1000,1500,8
1570,1000,3500,8
1502,1000,2000,8
1570,1000,42000,9
1502,1000,1500,9
1570,1000,1000,9
1570,1000,44000,10
1570,1000,2000,10
1570,1000,5000,10
1570,1000,2000,10
1570,1000,10000,10
0083,1000,8000,11
1570,1000,56000,11
0071,1000,250000,12
0083,1000,150000,12
0083,1000,60000,12
1904,100,10000,1
1241,100,200000,2
1241,100,160000,4
1241,100,160000,6
1570,100,160000,2
1570,100,130000,4
1570,100,130000,6
1574,100,80000,2
1574,100,46000,4
1574,100,46000,6
1904,100,180000,2
1904,100,90000,3
1904,100,95000,4
1904,100,140000,6
0639,100,8,2
0639,100,2,2
1234,100,2000,3
0639,100,10,3
1234,100,5000,5
1241,100,15000,6
1241,100,15000,7
1241,100,30000,7
1570,100,55000,6
1570,100,55000,7
1570,100,55000,7
1570,100,45000,7
1574,100,88000,6
1904,100,100000,6
1904,100,87000,7
1904,100,87000,7
1904,100,86000,7
1904,100,10000,6
1234,100,2000,7
1241,100,5000,8
1241,100,100000,8
1241,100,30000,8
1241,100,130000,8
1570,100,90000,8
1570,100,90000,8
1574,100,70000,8
1574,100,25000,8
1574,100,55000,8
1904,100,100000,8
1904,100,100000,8
0639,100,5,8
1510,100,14000,8
0639,100,5,9
0639,100,6,9
1241,100,170000,9
1241,100,100000,10
1241,100,100000,11
1241,100,100000,12
1570,100,85000,9
1570,100,85000,10
1570,100,85000,11
1570,100,85000,12
1574,100,65000,9
1574,100,65000,10
1574,100,65000,11
1574,100,60000,12
1904,100,100000,9
1904,100,100000,10
1904,100,100000,11
1904,100,100000,12
0639,100,10,9
0639,100,6,10
1510,100,5000,10
0639,100,10,11
1431,100,10000,11
1234,100,3000,11
1234,100,2000,11
1510,100,5000,11
1241,100,75000,12
1241,100,75000,12
1570,100,72500,12
1570,100,72500,12
1904,100,150000,12
1904,100,100000,12
0639,100,10,12
0639,100,5,12
0558,100,2000,6
0556,100,500,9
1486,1,27000,2
1486,1,23000,2
1246,1,2000,3
1486,1,10000,3
1486,1,50000,4
1486,1,50000,5
1246,1,1000,6
1246,1,1000,7
1486,1,5000,7
1486,1,50000,7
1486,1,50000,9
1246,1,3000,10
1486,1,20000,10
1486,1,50000,11
1246,1,2000,12
1486,1,50000,12
1431,1000,1000,12
1101,1000,2000,2
1101,1000,1000,5
1101,1000,1000,11
1278,100,12000,1
1245,100,20000,1
1245,100,10000,1
1263,100,30000,1
1278,100,1000,12
1278,100,150000,1
1245,100,15000,2
1245,100,20000,1
1245,100,70000,1
1278,100,50000,1
1263,100,30000,2
1263,100,10000,3
1245,100,70000,2
1245,100,20000,3
1245,100,20000,3
1245,100,20000,4
1245,100,100000,4
1263,100,30000,4
1278,100,150000,5
1278,100,10000,5
1245,100,20000,5
1245,100,15000,6
1278,100,50000,5
1245,100,8000,4
1245,100,80000,5
1263,100,30000,7
1245,100,25000,7
1278,100,10000,6
1278,100,10000,7
1278,100,10000,7
1263,100,10000,8
1278,100,10000,7
1245,100,20000,8
1245,100,150000,7
1278,100,150000,8
1278,100,20000,8
1245,100,170000,8
1278,100,10000,9
1278,100,10000,10
1245,100,20000,9
1278,100,10000,10
1245,100,10000,10
1278,100,1000,10
1278,100,160000,10
1245,100,40000,10
1278,100,50000,11
1278,100,20000,11
1278,100,10000,11
1278,100,1000,12
1245,100,20000,12
1278,100,10000,11
1245,100,120000,12
1278,100,10000,11
1278,100,10000,12
1245,100,85000,12
1278,100,10000,12
1278,100,10000,12
1245,100,20000,12
0965,100,2,6
1264,100,10000,1
1432,100,5000,1
1480,100,10000,1
1521,100,10000,2
0980,100,10000,5
0980,100,3500,6
0980,100,2700,9
0664,1,1,1
0664,1,3,1
0664,1,2,1
0664,1,2,1
0664,1,1,1
0664,1,1,1
0664,1,1,1
0664,1,1,1
0664,1,1,1
0664,1,2,1
0664,1,2,1
0664,1,1,2
0664,1,4,2
0664,1,1,2
0664,1,3,2
0664,1,2,2
0664,1,1,2
0664,1,1,2
0664,1,1,2
0664,1,1,2
0664,1,1,2
0664,1,1,2
0664,1,3,2
0664,1,3,2
0664,1,1,2
0664,1,3,2
0664,1,2,2
0664,1,2,3
0664,1,1,3
0664,1,1,3
0664,1,4,3
0664,1,1,3
0664,1,3,3
0664,1,10,3
0664,1,1,3
0664,1,2,4
0664,1,1,8
0031,1,200,1
0031,1,100,1
0031,1,100,1
0031,1,100,1
0031,1,100,1
0031,1,100,1
0031,1,100,2
0031,1,100,2
0031,1,100,2
0031,1,300,2
0031,1,100,2
0031,1,100,3
0031,1,200,3
0031,1,100,3
0031,1,100,3
0031,1,100,4
0031,1,100,4
0031,1,200,4
0031,1,200,4
0031,1,100,4
0031,1,200,4
0031,1,100,4
0031,1,100,5
0031,1,100,5
0031,1,100,5
0031,1,100,5
0031,1,100,5
0031,1,100,5
0031,1,100,5
0031,1,200,6
0031,1,100,7
0031,1,100,7
0031,1,100,8
0031,1,100,7
0031,1,100,7
0031,1,100,7
0031,1,100,7
0031,1,200,6
0031,1,100,8
0031,1,100,8
0031,1,100,8
0031,1,100,8
0031,1,100,9
0031,1,100,9
0031,1,100,9
0031,1,100,9
0031,1,100,10
0031,1,100,10
0031,1,100,10
0031,1,100,10
0031,1,100,10
0031,1,200,10
0031,1,100,11
0031,1,100,11
0031,1,100,11
0031,1,100,11
0031,1,100,11
0031,1,100,12
0031,1,100,12
0031,1,200,12
0031,1,100,12
0031,1,100,12
0031,1,100,12
0031,1,100,12
0031,1,100,12
0031,1,100,12
1262,1,300,1
1430,1,300,1
1430,1,200,1
1469,1,100,1
1430,1,100,1
1469,1,100,1
1250,1,100,1
1316,1,100,1
1410,1,100,1
1315,1,100,1
1430,1,100,1
1469,1,100,1
1250,1,200,1
1316,1,300,1
1410,1,1000,1
1316,1,1000,1
1316,1,200,2
1250,1,1000,2
1316,1,1000,2
1315,1,200,2
1262,1,1000,2
1430,1,500,2
1315,1,100,3
1262,1,500,3
1316,1,100,3
1315,1,600,3
1315,1,200,3
1430,1,200,3
1469,1,100,3
1316,1,1000,3
1262,1,100,3
1315,1,200,3
1371,1,200,3
1430,1,200,3
1469,1,200,3
1430,1,100,3
1250,1,100,3
1315,1,200,4
1250,1,1000,4
1316,1,1000,4
1410,1,200,4
1250,1,100,4
1262,1,500,4
1315,1,500,4
1371,1,500,4
1262,1,300,4
1371,1,300,4
1430,1,500,4
1316,1,2000,5
1316,1,600,5
1410,1,300,5
1470,1,200,5
1316,1,2000,5
1371,1,200,5
1430,1,200,5
1250,1,300,5
1316,1,100,6
1250,1,1000,6
1372,1,100,6
1410,1,100,6
1250,1,2000,5
1250,1,200,6
1410,1,200,6
1371,1,200,6
1430,1,200,6
1250,1,100,6
1315,1,100,6
1469,1,100,6
1316,1,2000,6
1315,1,200,6
1430,1,200,6
1469,1,100,6
1315,1,200,6
1430,1,700,6
1469,1,200,6
1286,1,1000,6
1250,1,500,7
1316,1,500,7
1372,1,300,7
1410,1,500,7
1470,1,300,7
1262,1,200,7
1315,1,200,7
1430,1,300,7
1315,1,100,7
1469,1,100,7
1262,1,100,7
1315,1,400,7
1469,1,200,7
1430,1,100,7
1262,1,100,7
1286,1,500,7
1316,1,2000,7
1262,1,200,7
1430,1,200,7
1371,1,200,7
1250,1,100,7
1316,1,100,7
1250,1,200,8
1410,1,200,8
1316,1,300,8
1372,1,200,8
1470,1,100,8
1250,1,100,8
1372,1,100,8
1410,1,100,8
1250,1,200,8
1316,1,200,8
1470,1,100,8
1372,1,200,8
1410,1,200,8
1470,1,100,8
1250,1,100,9
1250,1,100,9
1410,1,100,9
1316,1,100,9
1410,1,100,9
1316,1,400,9
1410,1,200,9
1470,1,200,9
1262,1,500,9
1315,1,500,9
1316,1,200,9
1315,1,200,9
1250,1,200,9
1316,1,100,9
1372,1,100,9
1410,1,100,9
1316,1,100,9
1316,1,100,11
1410,1,100,11
1410,1,100,11
1470,1,100,11
1470,1,100,11
1250,1,300,12
1316,1,100,12
1250,1,100,12
1316,1,100,12
1250,1,300,12
1372,1,200,12
1410,1,200,12
1470,1,200,12
1316,1,400,12
1410,1,200,12
1250,1,100,12
1316,1,100,12
1410,1,1000,3
1489,1,1000,8
1400,1,1000,10
1357,1,1000,10
1357,1,2000,10
1400,1,2000,11
1489,1,1000,11
0113,1,10000,4
1274,1,2000,1
1286,1,3000,1
1294,1,2000,1
1274,1,4000,1
1274,1,2000,1
1274,1,2000,2
1377,1,2000,2
1452,1,1000,2
1286,1,1000,3
1286,1,2000,4
1294,1,2000,4
1286,1,2000,5
1286,1,2000,5
1286,1,2000,6
1294,1,2000,6
1274,1,2000,7
1294,1,1000,7
1377,1,1000,7
1452,1,1000,7
1274,1,1000,8
1274,1,2000,8
1286,1,3000,9
1294,1,1000,9
1274,1,2000,10
1286,1,2000,12
1377,1,1000,12
1381,1,1000,12
1274,1,1000,12
1361,1,20000,3
1361,1,10000,6
1361,1,10000,9
1361,1,10000,10
1361,1,10000,12
1158,1,20000,5
1160,1,8000,12
1160,1,2000,12
1149,1,15000,7
1149,1,10000,8
1149,1,10000,9
1149,1,10000,10
1149,1,15000,10
1149,1,20000,12
1160,1,4000,1
1158,1,10000,1
1149,1,5000,2
1149,1,20000,2
1158,1,20000,2
1160,1,4000,2
1149,1,20000,3
1147,1,5000,4
1147,1,40000,5
1147,1,10000,5
1147,1,10000,5
1147,1,5000,5
1152,1,5000,6
1149,1,10000,5
1158,1,20000,5
1160,1,4000,5
1149,1,10000,6
1149,1,5000,6
1147,1,40000,6
1149,1,15000,6
1149,1,10000,7
1149,1,5000,7
1147,1,20000,7
1158,1,20000,7
1149,1,5000,7
1147,1,10000,8
1149,1,5000,8
1160,1,4000,9
1149,1,5000,10
1149,1,5000,10
1158,1,10000,10
1152,1,5000,11
1158,1,10000,11
1149,1,20000,12
1359,1,84000,1
1359,1,1000,1
1359,1,1000,2
1359,1,15000,2
1359,1,1000,2
1359,1,1000,2
1359,1,30000,5
1359,1,1000,6
1359,1,10000,6
1359,1,28000,7
1359,1,5000,8
1359,1,10000,9
1359,1,6000,9
1359,1,1000,9
1359,1,21000,10
1359,1,2000,10
1359,1,5000,11
1149,1,30000,3
1149,1,15000,10
1149,1,5000,12
0940,1,2000,1
0940,1,1000,2
0940,1,1000,2
0940,1,2000,3
0940,1,1000,4
0940,1,1000,5
0940,1,1000,6
0940,1,1000,7
0940,1,1000,7
0940,1,1000,8
0940,1,2000,8
0940,1,1000,9
0940,1,1000,10
0940,1,2000,11
0940,1,2000,12
0664,1,30,1
0664,1,40,2
0664,1,20,6
0664,1,30,7
0664,1,2,9
1632,1,1000,9
1359,1,1000,6
1359,1,1000,8
1359,1,3000,8
1359,1,50000,11
0931,1,5000,2
1312,1,1000,2
1312,1,200,3
1312,1,100,6
1312,1,100,7
1312,1,100,9
1312,1,500,10
1312,1,1000,12
1312,1,200,12
1312,1,1000,12
0931,1,5000,3
0613,1,1,9
1938,1,3,12
2001,1,100,1
2001,1,100,3
2010,1,300,3
2010,1,400,3
2010,1,500,3
2010,1,400,6
2001,1,100,7
2010,1,100,7
1970,1,1000,9
2010,1,300,9
1818,1,30000,1
1818,1,50000,1
1841,1,30000,1
1818,1,40000,3
1818,1,10000,3
1841,1,12000,3
1841,1,8000,3
1818,1,50000,4
1841,1,1000,5
1841,1,1000,6
1818,1,50000,6
1841,1,1000,6
1841,1,1000,6
1818,1,10000,9
1818,1,10000,10
1818,1,10000,11
1818,1,10000,12
1316,1,3000,2
1312,1,100,3
1427,1,600,3
1427,1,2000,3
1427,1,500,3
1312,1,2000,3
1316,1,4000,5
1350,1,1000,5
1427,1,700,6
1427,1,100,6
1312,1,1000,6
1316,1,4000,6
1427,1,1000,6
1316,1,100,6
1427,1,200,7
1427,1,100,7
1316,1,300,9
1513,1,200,9
1359,1,1000,9
1316,1,100,9
1427,1,700,9
1350,1,1000,9
1427,1,500,10
1316,1,2000,10
1427,1,1000,12
1316,1,4000,12
1763,1,1,1
1763,1,7,2
1763,1,7,2
1763,1,1,7
1763,1,1,9
1996,1,100,6
1996,1,200,7
1996,1,100,8
1996,1,100,8
1996,1,200,10
1996,1,200,10
2006,1,1000,5
2006,1,1000,7
2006,1,500,3
2006,1,1000,2
1286,1,5000,2
1286,1,2000,3
1286,1,7000,4
1286,1,2000,6
1286,1,5000,6
1286,1,2000,7
1286,1,2000,8
1286,1,2000,11
1286,1,2000,12
0981,1,50,2
0984,1,100,2
0981,1,150,6
0984,1,200,6
0984,1,100,7
1160,1,1000,10
1451,1,10000,6
1360,1,20000,7
0469,1,1200,2
0469,1,800,2
0033,1,2000,2
0033,1,3000,2
0033,1,3000,3
0033,1,2000,5
0011,1,3000,5
0033,1,3000,6
0011,1,3000,10
0469,1,1000,10
0033,1,3000,11
0033,1,3000,12
1360,1,20000,1
1360,1,20000,2
1360,1,20000,2
1359,1,1000,3
1360,1,20000,4
1360,1,20000,6
1360,1,20000,9
1360,1,20000,10
1360,1,20000,11
1360,1,20000,11
1360,1,20000,12
1973,1,5000,2
1973,1,5000,7
1316,1,100,3
1316,1,100,11
1316,1,300,11
1264,1,5000,1
1360,1,10000,1
1432,1,5000,1
1360,1,5000,2
1264,1,4000,2
1360,1,5000,2
1432,1,5000,2
1264,1,3000,2
1360,1,10000,2
1432,1,5000,2
1360,1,10000,3
1264,1,7000,3
1360,1,10000,3
1432,1,7000,3
1264,1,5000,4
1432,1,5000,4
1264,1,4000,5
1432,1,7000,5
1360,1,10000,5
1264,1,8000,5
1360,1,15000,5
1432,1,10000,5
1360,1,10000,6
1264,1,5000,7
1432,1,6000,7
1360,1,10000,7
1264,1,7000,8
1432,1,10000,8
1264,1,3000,9
1360,1,10000,9
1432,1,3000,9
1264,1,2000,10
1264,1,1000,11
1360,1,4000,11
1432,1,3000,11
1360,1,3000,11
1264,1,3000,11
1360,1,5000,11
1432,1,5000,11
1264,1,1000,12
1360,1,3000,12
1264,1,3000,12
1360,1,8000,12
1432,1,4000,12
1360,1,5000,12
0664,1,20,1
0187,1,50,4
2039,1,3,12
1023,1,200,12
2039,1,2,1
0664,1,20,2
2039,1,2,2
0315,1,80,2
0317,1,80,2
2039,1,2,2
0317,1,16,3
2039,1,2,3
0670,1,20,3
2039,1,2,3
0664,1,40,3
0317,1,16,3
2039,1,2,4
0664,1,30,4
2039,1,2,4
0317,1,16,5
0664,1,30,5
0317,1,32,5
0670,1,20,5
0317,1,16,5
2039,1,2,5
2039,1,2,7
0664,1,30,8
2039,1,2,8
0664,1,20,9
2039,1,2,9
2039,1,2,9
0670,1,20,10
0664,1,10,10
0317,1,16,10
0664,1,10,10
2039,1,2,10
0664,1,20,11
0315,1,24,11
0670,1,10,11
0664,1,10,11
0664,1,10,11
2039,1,2,11
0317,1,8,11
0664,1,40,12
0314,1,24,12
0670,1,10,12
0102,1,4,6
0102,1,6,6
0102,1,10,10
0102,1,7,11
1023,1,300,2
1023,1,1000,1
1023,1,200,1
0223,1,10,1
1023,1,100,1
1886,1,500,1
1017,1,500,1
0179,1,5,1
1886,1,500,2
0215,1,5,2
1023,1,200,2
1886,1,500,2
0183,1,10,2
0178,1,100,2
1886,1,500,2
1023,1,100,2
1023,1,200,2
0215,1,3,3
1023,1,100,3
0178,1,10,3
0178,1,60,3
1023,1,100,3
1886,1,500,3
0178,1,100,3
0178,1,150,3
1023,1,200,3
1023,1,200,4
0178,1,5,3
1023,1,100,4
0183,1,10,3
1023,1,100,4
1023,1,400,4
1025,1,51,4
1017,1,500,4
1886,1,500,4
0216,1,2,4
1023,1,100,4
0178,1,10,4
0179,1,10,4
1886,1,1000,5
0178,1,95,4
0223,1,10,5
0183,1,10,5
1023,1,1300,5
1023,1,100,5
1023,1,100,5
1023,1,200,5
1025,1,10,5
1025,1,40,5
1023,1,200,5
1886,1,500,6
1017,1,500,5
1023,1,200,6
1023,1,300,5
0178,1,150,6
0178,1,100,6
1023,1,200,6
1025,1,1,6
0178,1,5,6
1023,1,100,6
1886,1,1000,7
1023,1,200,6
0178,1,100,7
1023,1,200,7
1023,1,100,7
1023,1,200,7
1025,1,10,8
1025,1,40,8
1023,1,300,7
1886,1,1000,7
1016,1,10000,7
1016,1,40000,7
0223,1,3,7
1023,1,100,7
1023,1,200,7
1023,1,100,8
0178,1,10,8
1023,1,100,10
0178,1,5,8
1023,1,200,8
1023,1,100,8
1017,1,500,8
1023,1,100,8
1023,1,100,9
1023,1,200,8
0223,1,10,9
0178,1,100,9
1023,1,100,9
0183,1,5,9
1018,1,1000,9
1886,1,500,9
1023,1,100,9
1886,1,500,9
0178,1,100,9
1023,1,200,9
1023,1,100,9
1017,1,50,9
1023,1,100,10
1886,1,500,9
1023,1,200,9
0178,1,24,9
1023,1,100,10
1025,1,50,10
1023,1,200,10
1886,1,500,10
0178,1,100,10
1023,1,100,10
0178,1,5,10
1023,1,100,10
0178,1,100,10
0178,1,100,10
1023,1,100,10
1017,1,450,10
1023,1,200,10
1023,1,200,11
0183,1,5,11
0223,1,5,11
0178,1,3,11
1025,1,50,11
0183,1,5,11
1023,1,200,11
1023,1,100,11
0219,1,2,11
1023,1,100,11
1017,1,500,11
0214,1,20,11
1023,1,200,11
0178,1,200,11
1023,1,100,12
1886,1,1000,12
0183,1,64,12
0185,1,8,12
0178,1,100,12
1023,1,200,12
0178,1,64,12
1023,1,200,12
1886,1,1000,12
0344,1,1,3
0345,1,1,3
0344,1,1,9
0345,1,2,11
0308,1,15,2
0308,1,1,7
0308,1,8,7
0308,1,2,11
0308,1,6,12
0616,1,1,2
0623,1,1,1
0623,1,1,3
0623,1,1,3
0616,1,1,4
0623,1,1,4
0623,1,1,4
0616,1,1,5
0616,1,1,6
0623,1,1,5
0623,1,1,6
0616,1,1,7
0623,1,1,7
0623,1,1,7
0623,1,1,8
0616,1,1,8
0623,1,1,8
0616,1,1,10
0623,1,1,11
0623,1,1,12
1991,1,5000,1
0012,1,1000,1
2027,1,5000,1
0358,1,1000,1
0033,1,5000,2
0012,1,5000,2
0027,1,2000,2
0012,1,1000,3
0033,1,5000,3
1991,1,5000,4
0012,1,5000,5
0033,1,5000,6
0033,1,5000,6
1973,1,100,6
2027,1,100,6
0012,1,1000,6
0012,1,1000,7
2024,1,500,7
0027,1,1000,7
0012,1,5000,7
1991,1,5000,7
2027,1,5000,7
0012,1,1000,8
0033,1,5000,9
2024,1,500,9
0012,1,1000,9
0018,1,500,10
0033,1,5000,10
0012,1,1000,11
2010,1,1000,10
2024,1,1000,11
0358,1,1000,11
0012,1,1000,11
1991,1,5000,11
0012,1,5000,11
0033,1,5000,12
2010,1,1000,12
2043,1,30000,1
2047,1,10000,1
2048,1,10000,1
2045,1,10000,1
2042,1,50000,1
2044,1,20000,1
2043,1,30000,1
2044,1,20000,1
2045,1,10000,1
1995,1,500,1
1643,1,1000,1
2046,1,10000,1
2044,1,20000,1
2046,1,20000,1
2047,1,10000,1
1995,1,500,1
2043,1,30000,2
2045,1,10000,2
0639,1,50,2
0639,1,50,3
2042,1,50000,2
2048,1,10000,2
2044,1,35900,2
2044,1,4100,2
2046,1,10000,2
2043,1,30000,2
2045,1,10000,2
2047,1,10000,2
2042,1,50000,2
2045,1,10000,2
2044,1,40000,2
2043,1,30000,2
2048,1,10000,3
2045,1,10000,3
2046,1,10000,3
2047,1,10000,3
1995,1,400,3
1643,1,1600,3
1643,1,400,3
2042,1,50000,3
2045,1,10000,3
2042,1,50000,3
2046,1,10000,3
1643,1,100,4
2043,1,30000,3
2046,1,10000,3
2047,1,10000,3
2045,1,10000,3
2046,1,20000,3
1996,1,100,3
2044,1,20000,3
2045,1,10000,4
2048,1,10000,4
2042,1,50000,4
2043,1,30000,4
2045,1,10000,4
2047,1,10000,4
2044,1,20000,4
2043,1,30000,4
2046,1,5300,4
2046,1,4700,4
2048,1,10000,4
2045,1,10000,4
2046,1,10000,4
1643,1,100,4
2042,1,50000,4
2043,1,30000,4
2047,1,10000,5
2045,1,10000,5
2044,1,20000,5
2042,1,50000,5
2046,1,10000,5
2045,1,10000,5
0639,1,7,5
0639,1,3,5
2047,1,10000,5
2044,1,20000,5
2046,1,10000,5
2043,1,30000,5
2045,1,10000,5
2046,1,10000,6
2047,1,10000,6
2048,1,10000,5
1995,1,500,5
2045,1,20000,5
2044,1,20000,6
2047,1,10000,6
2042,1,50000,6
2046,1,10000,6
2043,1,30000,6
2044,1,20000,6
1643,1,1000,6
1643,1,100,6
2046,1,10000,6
0639,1,7,6
2045,1,10000,6
2042,1,50000,7
2048,1,10000,6
2042,1,50000,7
2048,1,10000,7
2047,1,10000,7
2043,1,30000,7
2044,1,20000,7
2045,1,10000,7
2045,1,10000,7
2044,1,20000,7
2046,1,10000,7
2047,1,10000,7
2042,1,50000,7
2048,1,10000,7
2043,1,30000,7
2044,1,20000,7
2046,1,10000,7
2047,1,20000,8
2045,1,20000,8
1643,1,100,7
2043,1,30000,8
1995,1,500,8
1643,1,100,8
2044,1,20000,8
2042,1,50000,8
1995,1,100,8
2043,1,30000,8
1996,1,200,8
2046,1,10000,8
2048,1,5000,8
2048,1,10000,8
2045,1,20000,8
2046,1,20000,8
2044,1,20000,8
2047,1,10000,8
2042,1,50000,8
2043,1,30000,8
1995,1,100,8
2048,1,10000,9
1643,1,300,9
2044,1,20000,9
2047,1,10000,9
2045,1,10000,9
1995,1,100,9
1996,1,200,9
2043,1,30000,9
2046,1,10000,9
1643,1,100,9
2047,1,10000,9
2042,1,50000,9
2048,1,10000,9
2044,1,20000,9
2047,1,10000,10
1995,1,100,9
2042,1,50000,10
2046,1,10000,10
2043,1,30000,10
2045,1,10000,10
2044,1,20000,10
2046,1,10000,10
2047,1,10000,10
1643,1,500,10
2047,1,10000,10
0639,1,100,12
2046,1,10000,10
2042,1,50000,10
2043,1,30000,10
2044,1,20000,10
2048,1,10000,10
2045,1,10000,11
2046,1,10000,11
2045,1,10000,11
2046,1,5300,11
2046,1,4700,11
1995,1,500,11
2044,1,20000,11
1995,1,500,11
2043,1,30000,11
2046,1,10000,11
2045,1,10000,11
2042,1,50000,11
2048,1,10000,11
1995,1,500,11
2047,1,20000,11
2048,1,10000,11
2044,1,20000,11
2046,1,5000,11
2046,1,5000,11
2048,1,10000,11
2047,1,10000,11
2042,1,50000,12
2043,1,30000,12
2046,1,15000,12
2046,1,5000,12
2047,1,20000,12
2048,1,900,12
2048,1,1500,12
2048,1,17600,12
2044,1,20000,12
2045,1,10000,12
1643,1,1000,12
2043,1,30000,12
2044,1,20000,12
2042,1,50000,12
2046,1,10000,12
0317,1,32,1
0308,1,21,3
1226,1,500,2
1226,1,600,2
1226,1,600,10
1226,1,100,11
1226,1,600,11
1226,1,600,1
1357,1,1000,1
1400,1,1000,1
1995,1,100,1
1995,1,100,1
1357,1,5000,1
1400,1,1000,1
1400,1,1000,3
1357,1,1000,3
1400,1,1000,3
1226,1,200,3
1400,1,2000,4
1995,1,100,5
1357,1,1000,5
1400,1,1000,6
1400,1,1000,6
1400,1,2000,7
1400,1,1000,7
1400,1,1000,7
1995,1,100,8
1400,1,1000,8
1995,1,100,8
1995,1,100,8
1357,1,1000,8
1400,1,1000,8
1357,1,1000,9
0943,1,1000,1
0943,1,1000,1
0943,1,1000,1
0943,1,1000,1
0031,1,100,1
0943,1,1000,1
0031,1,300,1
1969,1,3000,1
0031,1,500,1
0031,1,200,2
0943,1,1000,2
0943,1,1000,2
0943,1,1000,2
0943,1,1000,2
0943,1,1000,1
0943,1,1000,3
0031,1,100,2
0943,1,1000,2
0943,1,1000,3
0943,1,1000,4
0943,1,2000,4
1969,1,3000,3
0943,1,1000,3
0943,1,2000,3
1969,1,3000,3
0031,1,100,4
0943,1,1000,4
0943,1,1000,5
0943,1,1000,3
0943,1,1000,5
0943,1,2000,4
0031,1,100,4
0031,1,100,4
0943,1,4000,4
0943,1,3000,4
0943,1,1000,5
0943,1,1000,5
0943,1,3000,4
0943,1,1000,5
0943,1,1000,5
0943,1,2000,4
0031,1,400,5
0031,1,100,5
0943,1,5000,5
0943,1,1000,6
0943,1,3000,5
0943,1,1000,5
1969,1,3000,5
0943,1,1000,6
0943,1,1000,7
0943,1,2000,6
0943,1,1000,7
0943,1,1000,7
0031,1,200,6
0943,1,1000,6
0943,1,2000,7
0943,1,1000,8
0943,1,2000,8
0031,1,300,7
0943,1,2000,8
0943,1,1000,7
0943,1,1000,8
0943,1,1000,8
1969,1,3000,7
0943,1,1000,7
0943,1,1000,7
0943,1,1000,7
0031,1,500,8
0031,1,400,8
0943,1,1000,9
0943,1,1000,10
0943,1,1000,9
0031,1,100,10
0943,1,1000,10
0943,1,1000,11
0943,1,1000,10
0943,1,3000,10
0943,1,1000,10
1969,1,3000,10
0031,1,400,11
0943,1,1000,12
1570,1,500,1
1648,1,500,1
1570,1,500,1
1651,1,1000,1
1570,1,500,2
1651,1,1000,2
1570,1,500,3
1570,1,500,3
1651,1,1000,3
1648,1,500,3
1648,1,500,3
1570,1,500,3
1651,1,1000,4
1570,1,500,4
1570,1,500,5
1651,1,1000,5
1570,1,500,5
1570,1,500,6
1570,1,500,6
1570,1,500,7
1651,1,1000,7
1570,1,500,7
1570,1,500,8
1570,1,500,8
1651,1,1000,7
1570,1,500,8
1570,1,500,9
1651,1,1000,8
1651,1,1000,8
1651,1,1000,9
1570,1,500,9
1570,1,500,10
1570,1,500,11
1651,1,1000,11
1570,1,500,11
1651,1,1000,11
1570,1,500,12
1651,1,1000,12
1570,1,500,12
1905,1,2100,1
1901,1,2200,1
1905,1,2300,1
1905,1,2100,1
1901,1,3000,1
1905,1,3000,1
1903,1,700,1
1905,1,2400,1
1905,1,2600,2
1901,1,2400,2
1905,1,2100,2
1905,1,2900,2
1901,1,2100,2
1905,1,2200,2
1903,1,600,3
1905,1,2100,3
1901,1,4000,3
1903,1,600,3
1905,1,2100,3
1905,1,2100,3
1903,1,600,3
1903,1,100,3
1905,1,2900,3
1901,1,2200,3
1905,1,2900,3
1905,1,2100,4
1901,1,2100,4
1905,1,2100,4
1903,1,600,4
1901,1,2400,4
1905,1,2200,4
1905,1,2500,4
1905,1,2600,5
1901,1,2100,5
1903,1,900,5
1901,1,2200,5
1905,1,2100,5
1901,1,2100,5
1905,1,2300,5
1905,1,2300,5
1901,1,2300,6
1905,1,2100,6
1905,1,2400,6
1901,1,2900,6
1905,1,2200,6
1901,1,2100,6
1903,1,600,6
1905,1,2100,6
1901,1,2100,6
1905,1,2300,7
1905,1,2200,7
1901,1,2200,7
1903,1,600,7
1905,1,2700,7
1905,1,2200,7
1901,1,2100,7
1905,1,2100,7
1901,1,2200,8
1905,1,2200,8
1903,1,1000,8
1905,1,2400,8
1901,1,2600,8
1905,1,2100,8
1903,1,1000,8
1901,1,3000,8
1905,1,4000,8
1905,1,3000,8
1905,1,3000,9
1901,1,3000,9
1903,1,1000,9
1905,1,3000,9
1905,1,3000,9
1901,1,3000,9
1905,1,3000,10
1903,1,1000,10
1901,1,3000,10
1903,1,1000,10
1905,1,3000,10
1905,1,3000,10
1901,1,3000,10
1905,1,3000,11
1901,1,3000,11
1905,1,3000,11
1905,1,3000,11
1901,1,3000,11
1905,1,3000,12
1905,1,3000,12
1903,1,1000,12
1905,1,3000,12
1901,1,3000,12
1905,1,3000,12
1901,1,6000,12
1905,1,7000,12
1186,1,900,3
1186,1,300,3
1512,1,100,3
0620,1,1,2
1757,1,2,1
1763,1,2,1
0620,1,3,1
1757,1,4,12
0613,1,2,1
0620,1,2,1
0620,1,4,2
0608,1,1,1
1752,1,1,2
1755,1,1,2
1757,1,3,2
1763,1,1,2
0620,1,2,1
0601,1,50,2
0601,1,50,2
1755,1,1,2
1757,1,4,3
0608,1,2,3
0613,1,2,3
1757,1,1,4
1757,1,1,4
1763,1,2,4
0601,1,50,5
1757,1,4,5
1763,1,4,5
1757,1,1,6
0613,1,1,6
0620,1,2,6
1752,1,2,6
1755,1,2,6
0613,1,1,6
0608,1,1,6
0620,1,1,6
1752,1,1,6
1755,1,1,6
1757,1,1,6
1763,1,1,6
0620,1,3,7
0623,1,3,9
0623,1,1,9
0623,1,2,9
0623,1,1,9
0623,1,2,9
0623,1,1,9
0623,1,2,9
0623,1,1,9
0623,1,1,9
0613,1,1,9
0620,1,1,9
0613,1,1,9
0620,1,1,9
0608,1,1,9
0608,1,1,9
0608,1,2,9
0613,1,2,9
0620,1,2,9
1757,1,2,9
1763,1,2,9
0613,1,1,9
0620,1,1,9
1757,1,1,9
1763,1,1,9
1757,1,4,9
1763,1,4,9
1757,1,1,10
1752,1,2,10
1755,1,2,10
0608,1,1,11
0613,1,1,11
0620,1,1,11
0620,1,2,12
0613,1,3,12
0620,1,1,12
1986,1,100,2
1991,1,200,1
0957,1,100,2
0957,1,100,2
1986,1,100,3
1986,1,100,3
1991,1,200,3
1991,1,500,2
1999,1,1000,2
1991,1,800,3
1999,1,1000,3
1991,1,200,3
1991,1,200,3
1991,1,1000,3
2001,1,400,4
2006,1,400,4
1991,1,800,4
1991,1,500,5
1986,1,300,6
1986,1,300,6
1999,1,1000,6
0957,1,100,5
1991,1,400,6
2010,1,100,6
2001,1,300,6
2006,1,200,6
1999,1,2000,6
1991,1,300,6
1991,1,700,7
2001,1,300,7
0020,1,100,6
2006,1,200,6
0957,1,100,8
0957,1,100,8
1986,1,100,9
0957,1,200,8
1991,1,1000,8
1999,1,1000,9
1991,1,600,9
2001,1,300,9
2001,1,300,9
0020,1,100,9
0020,1,100,9
2006,1,200,9
2006,1,200,9
1999,1,1000,10
0031,1,100,11
1991,1,100,11
0929,1,2000,1
0929,1,3000,2
0929,1,1000,2
0929,1,2000,3
0929,1,1000,3
0929,1,5000,3
0929,1,1000,3
0929,1,4000,4
0929,1,1000,4
0929,1,3000,4
0929,1,2000,5
0929,1,1000,5
0929,1,1000,5
0929,1,2000,6
0929,1,1000,6
0929,1,3000,6
0929,1,3000,7
0929,1,3000,9
0929,1,3000,9
0929,1,4000,9
0929,1,1000,10
1349,1,2000,1
1349,1,2000,1
1349,1,2000,1
1279,1,2000,3
1394,1,2000,3
1511,1,2000,3
1349,1,1000,2
1280,1,2000,2
1512,1,100,1
1315,1,20000,1
1262,1,20000,1
1349,1,1000,1
1349,1,5000,2
1349,1,2000,2
1349,1,2000,2
1406,1,1000,1
2014,1,100,2
1512,1,300,2
1349,1,1000,2
1280,1,2000,2
1360,1,3000,3
1349,1,3000,1
1312,1,200,1
1312,1,200,2
1312,1,200,2
1280,1,2000,3
1391,1,100,1
1391,1,100,2
1391,1,100,2
1394,1,2000,3
1394,1,2000,3
1279,1,2000,3
1511,1,2000,3
1279,1,2000,3
1511,1,2000,3
1349,1,1000,1
1512,1,100,3
1512,1,100,3
1349,1,6000,2
1349,1,6000,2
1349,1,2000,3
1349,1,2000,3
1349,1,1000,1
1275,1,200,2
1512,1,100,3
2003,1,100,1
1280,1,2000,2
1349,1,1000,2
1279,1,2000,3
1394,1,2000,3
1511,1,2000,3
1349,1,1000,2
1406,1,1000,2
1241,1,1000,2
1241,1,1000,3
1512,1,300,3
1394,1,2000,3
1279,1,2000,3
1511,1,2000,3
1430,1,500,2
1512,1,200,2
1349,1,4000,2
1349,1,1000,3
1349,1,1000,4
1280,1,3000,2
1406,1,2000,2
1279,1,1000,2
1394,1,2000,2
1279,1,10000,2
1394,1,10000,2
1512,1,300,2
1349,1,2000,2
1349,1,1000,2
1349,1,1000,3
1279,1,2000,4
1394,1,2000,4
1511,1,2000,4
1512,1,100,3
1349,1,3000,2
1406,1,1000,2
1349,1,1000,3
1349,1,3000,3
1406,1,1000,3
1406,1,1000,3
1406,1,1000,3
1279,1,1000,2
1394,1,2000,2
1279,1,1000,3
1394,1,2000,3
1349,1,1000,2
1406,1,1000,4
1349,1,2000,2
1280,1,2000,3
1312,1,400,3
1391,1,200,3
1349,1,9000,3
1512,1,300,3
1512,1,1000,4
1349,1,3000,3
1512,1,500,3
1280,1,1000,3
1280,1,2000,3
1512,1,100,3
1512,1,100,3
1512,1,300,3
1279,1,2000,5
1394,1,2000,5
1511,1,2000,5
1262,1,2000,3
1512,1,100,4
1279,1,2000,5
1394,1,2000,5
1511,1,2000,5
1387,1,1000,3
1279,1,2000,5
1394,1,2000,5
1511,1,2000,5
1406,1,1000,5
1349,1,3000,4
1406,1,1000,4
1279,1,1000,4
1394,1,2000,4
1280,1,3000,4
1349,1,1000,4
1349,1,3000,5
1512,1,100,4
1387,1,5000,4
1280,1,3000,5
1349,1,1000,4
1315,1,20000,5
1512,1,100,4
1394,1,3000,5
1394,1,2000,6
1279,1,1000,5
1279,1,2000,5
1279,1,2000,6
1511,1,2000,6
1262,1,20000,5
1512,1,300,5
1280,1,2000,5
1280,1,3000,4
1349,1,5000,4
1364,1,100,5
1279,1,2000,5
1394,1,2000,5
1511,1,2000,5
1280,1,1000,5
1280,1,1000,5
1518,1,100,6
1349,1,2000,5
1279,1,1000,6
1394,1,1000,6
1279,1,2000,5
1394,1,2000,6
1511,1,2000,5
1279,1,2000,7
1511,1,2000,7
1394,1,2000,7
1280,1,2000,6
1312,1,200,6
1349,1,3000,5
1312,1,100,6
1349,1,1000,6
1349,1,3000,7
1406,1,1000,7
1279,1,1000,7
1394,1,2000,7
1511,1,2000,6
1511,1,1000,6
1427,1,100,6
1279,1,2000,6
1394,1,2000,6
1427,1,200,6
1470,1,100,6
1477,1,100,6
1279,1,2000,6
1394,1,2000,6
1511,1,2000,6
1512,1,100,9
1312,1,400,7
1427,1,300,7
1477,1,300,7
1394,1,4000,8
1394,1,1000,8
1394,1,2000,8
1394,1,3000,8
1279,1,5000,8
1279,1,5000,8
1406,1,1000,7
1349,1,2000,8
1349,1,2000,8
1349,1,5000,7
1387,1,2000,7
1315,1,20000,7
1512,1,100,7
1241,1,1000,7
1349,1,3000,7
1391,1,300,7
1994,1,300,7
1512,1,100,7
1387,1,1000,8
1312,1,400,8
1391,1,200,8
1279,1,2000,9
1394,1,2000,9
1511,1,2000,9
1262,1,10000,8
1279,1,2000,8
1394,1,2000,8
1511,1,2000,8
1394,1,5000,8
1394,1,3000,9
1394,1,2000,9
1394,1,5000,10
1279,1,2000,9
1279,1,3000,9
1279,1,5000,9
1279,1,4000,10
1279,1,2000,9
1394,1,2000,9
1511,1,2000,9
1349,1,1000,8
1360,1,1000,8
0832,1,2000,8
1394,1,2000,9
1279,1,2000,9
1511,1,2000,9
1279,1,1000,10
1349,1,5000,8
1312,1,300,8
1391,1,300,8
1994,1,300,8
1387,1,4000,8
1469,1,100,8
1280,1,1000,10
1387,1,5000,9
1430,1,100,9
1349,1,5000,9
1394,1,2000,9
1394,1,2000,9
1279,1,2000,9
1511,1,2000,9
1279,1,2000,9
1511,1,2000,9
1349,1,2000,10
1349,1,2000,9
1406,1,2000,9
1279,1,2000,9
1394,1,4000,9
1279,1,2000,9
1394,1,2000,9
1394,1,2000,10
1394,1,2000,10
1394,1,2000,10
1279,1,2000,10
1279,1,2000,10
1279,1,2000,10
1511,1,2000,10
1511,1,2000,9
1511,1,2000,10
1387,1,2000,9
1391,1,300,9
1279,1,4000,9
1394,1,4000,9
1463,1,100,10
1349,1,3000,10
1512,1,300,10
1262,1,100,11
1349,1,1000,10
1349,1,2000,11
1387,1,2000,11
1275,1,100,12
1702,1,1,3
1702,1,1,3
1705,1,2,3
1705,1,2,3
1658,1,12,3
1658,1,12,3
1705,1,2,4
1702,1,1,4
1658,1,12,4
1702,1,1,7
1705,1,2,7
1658,1,12,7
1702,1,1,9
1705,1,2,9
1658,1,12,9
1702,1,1,9
1705,1,2,9
1702,1,1,9
1705,1,2,9
1658,1,12,9
1658,1,12,9
1702,1,1,9
1702,1,1,10
1702,1,1,10
1705,1,2,10
1705,1,2,10
1705,1,2,10
1658,1,12,9
1657,1,12,11
0930,1,1000,2
1286,1,100,6
1248,1,20000,5
1241,1,10000,4
1241,1,20000,9
1248,1,50000,11
0608,1,10,12
0608,1,10,1
0608,1,10,1
0608,1,10,1
0608,1,10,2
0608,1,10,3
0608,1,10,3
0608,1,10,4
0608,1,10,4
0608,1,10,4
0608,1,10,5
0608,1,10,5
0608,1,10,5
0608,1,10,6
0608,1,10,6
0620,1,3,6
0608,1,10,6
0608,1,10,7
0608,1,10,7
0608,1,10,8
0608,1,10,8
0608,1,10,9
0608,1,10,9
0608,1,10,10
0608,1,10,10
0608,1,10,10
0608,1,10,10
0608,1,10,11
0608,1,10,11
0608,1,10,11
0608,1,10,12
1359,1,50000,1
1274,1,25000,1
1248,1,50000,1
1359,1,50000,2
1359,1,50000,3
1359,1,50000,4
1359,1,50000,5
1248,1,50000,5
1274,1,25000,6
1359,1,50000,7
1359,1,1000,7
1359,1,50000,8
1194,1,1000,1
1194,1,500,2
1194,1,500,2
1194,1,1000,2
1194,1,1000,3
1194,1,1000,4
1194,1,500,4
1194,1,1000,5
1194,1,1000,5
1194,1,1000,6
1194,1,5500,7
1194,1,4500,7
1194,1,1000,7
1194,1,1000,8
1194,1,1000,8
1194,1,500,8
1194,1,1000,9
1194,1,100,11
1194,1,1000,11
1194,1,1000,11
1194,1,1000,11
1194,1,1000,12
1286,1,1000,2
1935,100,3,12
1935,100,1,12
1935,100,1,5
1935,100,1,5
1935,100,1,6
1935,100,1,8
1935,100,1,8
1935,100,1,8
1935,100,1,9
1935,100,1,9
1935,100,2,9
1935,100,3,10
1935,100,1,10
1935,100,1,11
1935,100,2,12
1281,100,58000,1
1281,100,36000,1
1355,100,5000,1
1281,100,10000,2
1281,100,23000,3
1355,100,2000,1
1281,100,59000,3
1355,100,5000,1
1281,100,5000,3
1281,100,20000,4
1355,100,14000,2
1355,100,5000,3
1281,100,40000,4
1355,100,26000,3
1281,100,30000,5
1281,100,40000,5
1355,100,24000,3
1281,100,10000,5
1355,100,4000,4
1355,100,12000,4
1355,100,18000,5
1281,100,40000,6
1355,100,5000,5
1355,100,5000,6
1281,100,20000,7
1355,100,12000,6
1355,100,22000,6
1355,100,14000,6
1281,100,15000,7
1281,100,35000,8
1355,100,8000,7
1281,100,5000,8
1355,100,1000,7
1281,100,20000,8
1281,100,5000,9
1355,100,15000,9
1355,100,10000,9
1355,100,5000,10
1281,100,5000,10
1281,100,5000,11
1281,100,5000,9
1281,100,5000,10
1281,100,20000,11
1281,100,30000,10
1355,100,5000,10
1281,100,20000,10
1281,100,20000,11
1281,100,20000,11
1281,100,20000,11
1355,100,1000,11
1281,100,27000,12
1281,100,40000,12
1355,100,8000,12
1355,100,3000,12
0084,100,290000,1
0084,100,200000,2
1350,100,60000,2
0084,100,200000,3
1350,100,50000,3
0084,100,150000,4
1350,100,50000,4
0084,100,200000,5
1350,100,30000,5
0084,100,200000,6
1350,100,40000,6
0084,100,170000,7
1350,100,30000,7
0084,100,250000,8
1350,100,60000,8
0084,100,222000,9
0084,100,70000,9
0084,100,8000,9
1350,100,40000,9
0084,100,160000,10
1350,100,20000,10
0084,100,180000,11
1350,100,80000,11
0084,100,140000,12
1350,100,40000,12
0894,1000,100,7
0561,1000,100,8
0561,1000,400,8
0071,100,55000,5
0083,100,73000,5
0083,100,5000,8
0071,100,5000,11
0643,100,2,2
0643,100,1,8
1278,1000,5000,2
1238,1000,1750,3
1278,1000,9000,3
1278,1000,3000,5
1278,1000,2000,5
1439,1000,12000,6
1439,1000,5000,6
1278,1000,5000,7
1439,1000,11000,7
1439,1000,8000,7
1439,1000,2000,7
1278,1000,3000,7
1439,1000,4000,8
1278,1000,2000,8
0642,1000,1,9
1278,1000,10000,10
1835,1000,10000,12
1823,1000,15000,1
1823,1000,20000,1
1823,1000,45000,1
1835,1000,15000,1
1823,1000,35000,2
1823,1000,15000,2
1823,1000,15000,2
1835,1000,10000,2
1823,1000,5000,3
1835,1000,5000,3
1823,1000,20000,3
1835,1000,15000,3
1823,1000,25000,4
1823,1000,25000,4
1835,1000,15000,4
1823,1000,25000,5
1823,1000,5000,5
1835,1000,15000,5
1823,1000,25000,5
1835,1000,20000,5
1823,1000,30000,6
1835,1000,20000,6
1823,1000,25000,6
1823,1000,20000,6
1835,1000,25000,6
1823,1000,35000,7
1835,1000,25000,7
1823,1000,25000,7
1823,1000,20000,7
1823,1000,25000,8
1823,1000,20000,8
1835,1000,25000,8
1823,1000,20000,8
1835,1000,5000,8
1823,1000,20000,9
1823,1000,20000,9
1823,1000,5000,9
1835,1000,15000,9
1823,1000,25000,10
1823,1000,10000,10
1835,1000,10000,10
1823,1000,35000,10
1835,1000,5000,10
1823,1000,30000,10
1835,1000,10000,10
1835,1000,5000,11
1823,1000,10000,11
1823,1000,5000,11
1835,1000,5000,11
1823,1000,10000,12
1835,1000,5000,12
1823,1000,10000,12
1823,1000,10000,12
1835,1000,5000,12
0444,100,20,10
0444,100,16,10
0535,100,1,10
0533,100,5,11
0542,100,5,11
1016,100,300,1
0179,100,500,1
1886,100,1000,2
0224,100,50,2
0215,100,500,2
1886,100,100,2
1886,100,300,9
0178,100,200,9
0179,100,500,9
2128,100,20,2
2118,100,200,3
2118,100,600,3
2118,100,300,6
2118,100,200,8
2118,100,10,9
2118,100,500,11
2133,100,50,11
0288,100,2000,3
0171,100,20,11
0171,100,80,11
0171,100,100,12
1149,1,5000,1
1158,1,1000,3
1158,1,1000,12
1359,1,2000,1
1359,1,1000,1
1359,1,1000,1
1359,1,75000,1
1359,1,1000,1
1359,1,1000,1
1359,1,75000,1
1359,1,1000,1
1359,1,1000,1
1359,1,1000,1
1359,1,75000,1
1359,1,20000,2
1359,1,1000,2
1359,1,75000,1
1359,1,1000,1
1359,1,1000,2
1359,1,750000,1
1359,1,75000,1
1359,1,225000,1
1359,1,2000,2
1359,1,1000,2
1359,1,75000,2
1359,1,1000,2
1359,1,75000,2
1359,1,75000,2
1359,1,300000,2
1359,1,1000,2
1359,1,75000,2
1359,1,2000,2
1359,1,1000,2
1359,1,75000,2
1359,1,1000,2
1359,1,75000,2
1359,1,75000,2
1359,1,75000,2
1359,1,1000,2
1359,1,1000,3
1359,1,1000,3
1359,1,150000,3
1359,1,75000,3
1359,1,150000,3
1359,1,1000,3
1359,1,2000,3
1359,1,2000,3
1359,1,1000,3
1359,1,75000,3
1359,1,1000,3
1359,1,75000,3
1359,1,150000,3
1359,1,1000,4
1359,1,1000,3
1359,1,75000,3
1359,1,5000,3
1359,1,75000,3
1359,1,75000,3
1359,1,1000,3
1359,1,6000,4
1359,1,2000,4
1359,1,150000,3
1359,1,75000,4
1359,1,1000,4
1359,1,150000,4
1359,1,75000,4
1359,1,2000,5
1359,1,75000,4
1359,1,1000,4
1359,1,150000,4
1359,1,1000,4
1359,1,3000,4
1359,1,75000,4
1359,1,20000,5
1359,1,75000,4
1359,1,2000,4
1359,1,75000,4
1359,1,1000,4
1359,1,1000,5
1359,1,75000,4
1359,1,525000,4
1359,1,1000,5
1359,1,2000,5
1359,1,75000,5
1359,1,225000,5
1359,1,75000,5
1359,1,1000,5
1359,1,300000,5
1359,1,150000,5
1359,1,1000,5
1359,1,75000,5
1359,1,1000,5
1359,1,1000,5
1359,1,1000,5
1359,1,75000,5
1359,1,75000,5
1359,1,225000,5
1359,1,1000,6
1359,1,150000,5
1359,1,1000,5
1359,1,2000,6
1359,1,5000,5
1359,1,1000,5
1359,1,1000,6
1359,1,75000,6
1359,1,1000,6
1359,1,1000,6
1359,1,1000,6
1359,1,75000,6
1359,1,1000,6
1359,1,75000,6
1359,1,75000,6
1359,1,1000,6
1359,1,1000,6
1359,1,1000,6
1359,1,375000,6
1359,1,75000,6
1359,1,75000,6
1359,1,1000,6
1359,1,75000,6
1359,1,1000,6
1359,1,75000,6
1359,1,1000,7
1359,1,10000,6
1359,1,1000,9
1359,1,2000,7
1359,1,75000,6
1359,1,1000,6
1359,1,75000,6
1359,1,75000,6
1359,1,1000,6
1359,1,75000,7
1359,1,75000,7
1359,1,1000,7
1359,1,1000,7
1359,1,75000,7
1359,1,1000,7
1359,1,75000,7
1359,1,1000,7
1359,1,75000,7
1359,1,300000,7
1359,1,75000,7
1359,1,1000,7
1359,1,1000,7
1359,1,75000,7
1359,1,1000,7
1359,1,1000,7
1359,1,3000,7
1359,1,75000,7
1359,1,75000,7
1359,1,10000,8
1359,1,1000,8
1359,1,75000,8
1359,1,1000,8
1359,1,1000,8
1359,1,75000,8
1359,1,75000,8
1359,1,1000,8
1359,1,20000,8
1359,1,150000,8
1359,1,1000,8
1359,1,75000,8
1359,1,150000,8
1359,1,3000,8
1359,1,75000,8
1359,1,1000,9
1359,1,75000,9
1359,1,1000,9
1359,1,75000,9
1359,1,1000,9
1359,1,300000,9
1359,1,75000,9
1359,1,1000,9
1359,1,75000,9
1359,1,20000,9
1359,1,75000,9
1359,1,150000,9
1359,1,1000,9
1359,1,150000,9
1359,1,75000,9
1359,1,1000,9
1359,1,75000,9
1359,1,150000,9
1359,1,75000,10
1359,1,1000,10
1359,1,1000,10
1359,1,1000,10
1359,1,2000,10
1359,1,1000,10
1359,1,75000,10
1359,1,75000,10
1359,1,75000,10
1359,1,1000,10
1359,1,1000,10
1359,1,1000,10
1359,1,75000,10
1359,1,1000,10
1359,1,150000,10
1359,1,75000,10
1359,1,1000,10
1359,1,1000,10
1359,1,75000,10
1359,1,1000,11
1359,1,150000,11
1359,1,2000,11
1359,1,225000,11
1359,1,1000,11
1359,1,11000,11
1359,1,1000,11
1359,1,75000,11
1359,1,75000,11
1359,1,1000,11
1359,1,75000,11
1359,1,1000,11
1359,1,75000,11
1359,1,1000,11
1359,1,75000,11
1359,1,375000,11
1359,1,150000,12
1359,1,1000,12
1359,1,75000,12
1359,1,2000,12
1359,1,1000,12
1359,1,75000,12
1359,1,1000,12
1359,1,1000,12
1359,1,2000,12
1359,1,225000,12
1359,1,75000,12
1359,1,1000,12
1359,1,10000,12
1359,1,75000,12
0033,100,300000,12
1997,100,25000,12
0033,100,100000,11
0033,100,100000,12
1341,100,130000,1
1341,100,100000,1
1341,100,100000,1
1570,100,1500,1
1570,100,1500,2
1570,100,1500,2
1570,100,1500,3
1570,100,1500,3
1570,100,100000,3
1341,100,25000,3
1341,100,100000,3
1570,100,1500,4
1341,100,260000,4
1341,100,100000,4
1341,100,100000,6
1570,100,50000,6
1341,100,100000,6
1570,100,1500,7
1570,100,1500,8
1570,100,350000,8
1570,100,50000,8
1341,100,100000,8
1570,100,1500,9
1570,100,50000,9
1570,100,1500,9
1341,100,50000,11
1570,100,1500,10
1341,100,50000,10
1570,100,50000,10
1341,100,6000,10
1341,100,50000,11
1341,100,28000,11
1341,100,25000,11
1570,100,50000,11
1570,100,1500,11
1570,100,50000,11
1570,100,5000,12
1570,100,1500,12
1502,100,1000,7
1234,100,40000,1
1567,100,68000,1
1341,100,13000,1
1393,100,125000,1
1393,100,150000,1
1431,100,20000,1
1567,100,80000,1
1567,100,50000,1
1574,100,170000,12
1574,100,165000,1
1350,100,10000,1
1341,100,15000,1
1431,100,90000,1
1341,100,140000,2
1341,100,1000,1
1350,100,10000,2
1573,100,10000,1
1574,100,170000,1
1574,100,135000,1
1574,100,6500,1
1393,100,25000,1
1393,100,100000,2
1393,100,175000,2
1567,100,115000,2
1574,100,150000,2
1574,100,330000,2
1341,100,5000,1
1341,100,50000,2
1341,100,140000,2
1341,100,50000,1
1393,100,75000,2
1393,100,150000,2
1431,100,69000,2
1567,100,125000,2
1567,100,135000,2
1574,100,120000,2
1574,100,135000,2
1341,100,150000,1
1341,100,20000,2
1431,100,30000,1
1431,100,40000,1
1574,100,5000,2
1341,100,140000,3
1574,100,12500,1
1574,100,6000,2
1574,100,5500,2
1431,100,107000,3
1234,100,20000,2
1234,100,50000,2
1234,100,40000,3
1393,100,200000,2
1393,100,125000,3
1567,100,50000,2
1567,100,130000,3
1573,100,5000,2
1574,100,345500,2
1574,100,180000,2
1350,100,10000,2
1341,100,10000,2
1431,100,20000,2
1431,100,20000,2
1431,100,40000,2
1574,100,14000,2
1234,100,20000,3
1234,100,10000,3
1234,100,40000,3
1393,100,50000,3
1393,100,140000,3
1567,100,55000,3
1567,100,100000,3
1567,100,40000,3
1574,100,6000,2
1574,100,180000,3
1574,100,165000,3
1341,100,100000,2
1341,100,12000,4
1393,100,5000,2
1341,100,200000,2
1350,100,4000,2
1341,100,50000,4
1341,100,50000,5
1393,100,19000,3
1431,100,100000,4
1431,100,50000,5
1393,100,120000,3
1567,100,60000,3
1567,100,135000,3
1574,100,320000,3
1574,100,250000,3
1431,100,80000,4
1431,100,26000,4
1574,100,3500,2
1341,100,50000,3
1431,100,100000,3
1234,100,40000,3
1234,100,60000,4
1393,100,125000,3
1393,100,150000,3
1393,100,150000,3
1393,100,200000,4
1567,100,20000,3
1567,100,135000,3
1567,100,135000,4
1574,100,105000,3
1574,100,8500,3
1574,100,5500,3
1341,100,10000,3
1341,100,50000,3
1341,100,50000,5
1341,100,50000,5
1431,100,100000,4
1431,100,100000,5
1350,100,10000,4
1574,100,23500,3
1234,100,40000,4
1393,100,125000,4
1567,100,90000,4
1567,100,140000,4
1574,100,140000,4
1574,100,220000,4
1574,100,230000,4
1341,100,140000,4
1393,100,15000,4
1574,100,21000,4
1393,100,10000,4
1341,100,140000,5
1234,100,20000,4
1393,100,120000,5
1567,100,155000,5
1574,100,275000,4
1341,100,5000,4
1341,100,1000,5
1574,100,7500,4
1574,100,8500,4
1350,100,10000,4
1234,100,50000,4
1234,100,40000,5
1393,100,200000,5
1567,100,105000,5
1567,100,125000,5
1574,100,245000,4
1574,100,255000,4
1574,100,230000,4
1574,100,155000,5
1574,100,205000,5
1574,100,20000,4
1574,100,9500,5
1341,100,5000,4
1341,100,140000,6
1574,100,400000,5
1574,100,400000,5
1234,100,10000,5
1234,100,40000,5
1234,100,40000,5
1393,100,175000,5
1393,100,175000,5
1567,100,105000,5
1567,100,135000,5
1574,100,210000,5
1574,100,260000,5
1234,100,30000,5
1234,100,30000,6
1350,100,10000,6
1393,100,120000,5
1393,100,130000,5
1567,100,140000,5
1431,100,40000,5
1350,100,3000,5
1350,100,2000,5
1574,100,25000,5
1341,100,100000,5
1431,100,20000,5
1431,100,30000,5
1341,100,140000,5
1341,100,140000,7
1393,100,5000,5
1574,100,15000,5
1393,100,100000,6
1567,100,125000,5
1567,100,100000,6
1567,100,125000,6
1341,100,10000,6
1350,100,11000,5
1393,100,10000,5
1431,100,50000,5
1431,100,73000,6
1341,100,30000,6
1350,100,5000,5
1350,100,6000,6
1341,100,15000,6
1341,100,150000,7
1393,100,20000,6
1393,100,20000,6
1393,100,10000,7
1570,100,13500,5
1234,100,20000,6
1234,100,30000,6
1393,100,100000,6
1341,100,10000,5
1350,100,12000,5
1574,100,20000,5
1574,100,20000,6
1234,100,30000,7
1234,100,10000,7
1350,100,10000,7
1393,100,175000,7
1393,100,100000,7
1574,100,165000,6
1574,100,295000,7
1341,100,140000,7
1341,100,140000,7
1574,100,17000,6
1341,100,120000,6
1574,100,11500,6
1234,100,30000,7
1234,100,80000,7
1393,100,150000,7
1393,100,150000,7
1393,100,125000,7
1567,100,125000,7
1567,100,150000,7
1567,100,145000,7
1393,100,5000,8
1574,100,28500,6
1574,100,30000,7
1574,100,200000,7
1574,100,20000,6
1431,100,80000,8
1234,100,10000,7
1234,100,40000,7
1393,100,200000,7
1574,100,125000,7
1574,100,55000,7
1234,100,50000,7
1234,100,20000,7
1341,100,55000,8
1393,100,100000,7
1393,100,10000,8
1567,100,100000,7
1567,100,160000,7
1567,100,180000,8
1574,100,680000,7
1341,100,1000,7
1341,100,140000,8
1393,100,5000,7
1393,100,13000,8
1574,100,14000,7
1341,100,140000,9
1234,100,20000,7
1234,100,30000,7
1393,100,220000,8
1393,100,80000,8
1393,100,20000,8
1574,100,320000,7
1574,100,305000,8
1234,100,30000,8
1341,100,20000,7
1341,100,1000,8
1431,100,10000,8
1574,100,255000,8
1341,100,11000,7
1393,100,18000,7
1393,100,7000,8
1574,100,15500,7
1234,100,40000,8
1234,100,10000,9
1234,100,50000,9
1341,100,40000,8
1350,100,11000,8
1567,100,110000,8
1567,100,160000,8
1567,100,110000,9
1393,100,100000,8
1393,100,150000,8
1393,100,250000,9
1574,100,200000,8
1574,100,465000,8
1574,100,330000,9
1341,100,11000,8
1341,100,140000,9
1234,100,60000,9
1341,100,10000,9
1393,100,30000,8
1393,100,75000,9
1567,100,65000,9
1574,100,305000,9
1574,100,230000,9
1341,100,140000,10
1393,100,5000,9
1393,100,50000,8
1393,100,100000,9
1431,100,30000,9
1341,100,10000,9
1341,100,15000,9
1393,100,20000,9
1393,100,5000,9
1393,100,6000,9
1393,100,50000,9
1567,100,2500,9
1341,100,10000,10
1393,100,10000,9
1393,100,36000,10
1567,100,60000,9
1431,100,10000,9
1234,100,20000,9
1234,100,30000,10
1234,100,10000,10
1393,100,175000,10
1393,100,8000,10
1567,100,50000,10
1567,100,190000,10
1341,100,3000,9
1341,100,140000,11
1234,100,20000,10
1234,100,70000,10
1393,100,100000,10
1393,100,175000,10
1393,100,150000,10
1567,100,100000,10
1567,100,290000,10
1341,100,140000,12
1234,100,40000,11
1234,100,30000,11
1393,100,125000,10
1393,100,300000,11
1567,100,150000,10
1567,100,200000,11
1574,100,200000,10
1234,100,20000,12
1341,100,80000,10
1393,100,100000,11
1393,100,150000,12
1567,100,135000,11
1567,100,125000,12
1574,100,420000,10
1574,100,300000,11
1574,100,240000,11
1341,100,5000,11
1341,100,7000,11
1350,100,10000,11
1431,100,20000,11
1234,100,30000,12
1567,100,55000,12
1567,100,100000,12
1574,100,397500,11
1574,100,350000,11
1574,100,330000,12
1574,100,150000,12
1341,100,10000,11
1341,100,15000,12
1341,100,140000,12
1574,100,15000,12
1341,100,144000,12
1234,100,30000,1
1393,100,200000,1
1341,100,20000,12
1350,100,1000,12
1393,100,100000,1
1341,100,15000,1
1341,100,40000,12
1341,100,90000,12
1350,100,10000,12
1341,100,52000,12
1341,100,20000,12
1523,1,2000,8
1505,1,10000,10
1904,100,24000,9
0033,1000,1000,1
0033,1000,3000,2
0617,1000,5,9
0617,1000,2,9
0617,1000,11,11
0617,1000,1,11
0608,1000,5,8
0608,1000,5,11
2137,100,128,3
2131,100,45,4
2144,100,75,4
0333,100,22,1
1617,100,4,1
1645,100,2,1
2167,100,15,3
0202,100,198,3
0204,100,154,3
0209,100,96,3
0213,100,174,3
2128,100,99,3
2131,100,87,3
2133,100,77,3
2137,100,87,3
0159,100,50,7
0200,100,80,1
0209,100,80,1
0200,100,16,2
0202,100,264,2
0208,100,264,2
0209,100,16,2
0211,100,32,2
0215,100,2444,5
0221,100,909,5
0206,100,48,7
2133,100,78,2
2133,100,102,2
2139,100,111,2
2145,100,4,2
2145,100,28,2
2132,100,1672,5
2138,100,1027,5
2144,100,514,5
0158,100,40,1
0353,100,6,1
0158,100,20,2
0158,100,89,2
0159,100,25,2
0353,100,15,2
0158,100,60,5
0159,100,399,5
0287,100,40,5
0288,100,440,5
0349,100,36,5
0353,100,106,5
1616,100,12,5
1618,100,12,5
1644,100,6,5
1646,100,6,5
0214,100,100,2
0200,100,24,3
0215,100,48,3
2143,100,50,1
2137,100,28,1
2137,100,12,1
2139,100,4,1
2141,100,10,1
2142,100,55,1
2137,100,42,2
2141,100,50,2
2132,100,48,3
2128,100,1774,6
2132,100,3482,6
2146,100,10,7
2141,100,300,7
2143,100,300,7
2141,100,100,7
2128,100,60,9
2129,100,60,9
2131,100,60,9
2144,100,25,9
2145,100,25,9
2146,100,25,9
2136,100,150,9
2144,100,10,11
2136,100,96,11
0352,100,1,1
0288,100,240,1
0287,100,50,1
0288,100,800,1
0333,100,2,3
0158,100,200,4
0159,100,200,4
0333,100,20,4
0154,100,12,4
0353,100,226,7
0352,100,10,11
0287,100,30,11
2169,100,50,1
2169,100,1,1
1616,100,10,2
1618,100,4,2
1646,100,2,2
2166,100,18,2
2166,100,5,2
2166,100,1,2
1616,100,12,2
1618,100,50,2
1618,100,18,2
1618,100,8,2
1646,100,35,2
1646,100,3,2
2166,100,63,2
1616,100,4,3
1618,100,1,3
1618,100,3,3
1646,100,2,3
2166,100,4,3
1618,100,10,8
1646,100,5,8
1616,100,4,9
1618,100,4,9
1644,100,2,9
1646,100,2,9
0211,100,100,9
0154,100,25,9
0333,100,2,9
0154,100,21,10
0154,100,118,10
0333,100,9,10
2167,100,18,10
0202,100,100,1
0202,100,200,1
0200,100,67,1
0200,100,145,2
0206,100,60,2
0202,100,50,2
0206,100,100,3
0208,100,56,3
0202,100,50,3
0202,100,430,5
0211,100,96,5
0202,100,100,6
0208,100,26,6
0202,100,60,6
0208,100,22,6
0211,100,268,6
0206,100,10,7
0208,100,10,7
0214,100,22,7
0219,100,20,7
0200,100,25,8
0200,100,25,8
0208,100,12,9
0208,100,24,9
0213,100,24,9
0211,100,82,10
0202,100,67,10
0208,100,116,10
0202,100,50,10
0200,100,35,11
0211,100,34,11
0213,100,56,11
0202,100,100,11
0213,100,105,11
0206,100,29,11
0209,100,498,12
0213,100,388,12
0206,100,20,12
0200,100,8,12
0209,100,8,12
2132,100,100,12
2138,100,30,12
2144,100,25,1
2138,100,50,2
2139,100,15,2
2139,100,30,2
2132,100,50,2
2137,100,15,3
2136,100,105,3
2128,100,200,3
2136,100,160,3
2138,100,120,3
2142,100,130,3
2136,100,300,4
2132,100,430,5
2132,100,50,5
2138,100,50,5
2128,100,20,5
2138,100,20,5
2144,100,20,5
2145,100,3,5
2132,100,10,6
2139,100,36,7
2139,100,24,9
2136,100,18,9
2141,100,21,9
2142,100,19,9
2139,100,24,9
2139,100,150,9
2145,100,50,9
2136,100,123,10
2135,100,50,10
2139,100,66,10
2145,100,30,10
2139,100,100,10
2145,100,100,10
2139,100,40,11
2145,100,40,11
2132,100,50,11
2137,100,75,11
2145,100,9,11
2132,100,40,12
2145,100,5,12
2141,100,8,12
2136,100,300,12
2142,100,100,12
2139,100,50,12
2145,100,50,12
0349,100,2,3
0155,100,200,3
0349,100,2,3
0349,100,25,3
0155,100,53,3
0288,100,300,3
0353,100,10,3
0349,100,30,3
0353,100,10,3
0155,100,10,3
0154,100,346,3
0158,100,200,4
0288,100,100,4
0353,100,5,4
0353,100,10,5
0353,100,8,5
0154,100,11,6
0158,100,180,7
0159,100,390,7
0158,100,70,7
0159,100,30,7
0288,100,90,7
0159,100,4,8
0154,100,50,8
0349,100,1,8
0353,100,5,9
0159,100,20,9
0288,100,40,9
0349,100,5,9
0353,100,10,9
0159,100,12,9
0154,100,11,10
0288,100,20,10
0159,100,54,10
0353,100,14,10
0159,100,10,10
0349,100,5,11
0353,100,5,11
0158,100,46,11
0159,100,184,11
0353,100,28,11
0159,100,16,11
0158,100,4,11
0353,100,4,11
0158,100,10,12
0349,100,2,12
0288,100,10,12
0349,100,7,12
0158,100,4,12
2165,100,10,12
1618,100,2,2
1646,100,1,2
2166,100,4,3
1616,100,8,3
1618,100,4,3
1644,100,4,3
1646,100,2,3
1618,100,8,3
1646,100,4,3
2167,100,25,3
2166,100,3,3
2167,100,16,3
1616,100,2,3
2166,100,17,3
1616,100,4,3
1618,100,4,3
2165,100,8,3
1618,100,4,4
1646,100,4,4
2166,100,10,4
1616,100,2,5
1618,100,4,5
1646,100,2,5
2165,100,4,6
2165,100,3,7
1617,100,44,7
1616,100,3,7
1616,100,13,7
1616,100,2,8
1617,100,12,8
1645,100,4,8
2167,100,8,9
1616,100,1,10
1617,100,2,10
1644,100,1,10
1616,100,2,10
1617,100,2,10
1644,100,1,10
1645,100,2,10
1617,100,4,11
1617,100,12,11
2165,100,2,11
1617,100,4,12
1616,100,4,12
1617,100,4,12
1644,100,2,12
1645,100,2,12
1617,100,2,12
2165,100,5,12
1618,100,1,12
1646,100,1,12
2165,100,2,12
0202,100,62,7
0213,100,62,7
2133,100,68,7
0158,100,21,7
0159,100,6,7
0353,100,3,7
0202,100,400,4
0204,100,400,4
0209,100,400,4
0213,100,400,4
2139,100,4,1
2142,100,48,1
2145,100,4,1
2132,100,400,4
2133,100,400,4
2135,100,400,4
2137,100,400,4
2136,100,270,8
2138,100,60,10
0155,100,107,2
0158,100,1,2
0159,100,1,2
0158,100,856,2
0354,100,83,2
0349,100,2,3
0158,100,300,4
0159,100,300,4
0333,100,16,4
0333,100,4,4
0353,100,20,4
0158,100,38,5
0159,100,2,5
2165,100,2,4
2167,100,2,4
2169,100,2,4
2169,100,1,8
1618,100,4,9
2166,100,8,9
1618,100,12,10
1646,100,6,10
1618,100,3,11
1618,100,1,11
0202,100,70,1
0202,100,20,1
0209,100,44,1
0202,100,10,2
0202,100,30,2
0208,100,8,2
0204,100,4,4
2128,100,36,1
2129,100,32,1
2132,100,30,2
2139,100,300,9
2132,100,70,11
0349,100,6,1
0288,100,30,4
0349,100,2,4
0353,100,11,4
0353,100,19,4
0154,100,25,5
0288,100,10,8
0353,100,16,10
1616,100,4,1
1618,100,4,1
1644,100,2,1
1646,100,2,1
1618,100,8,3
1646,100,4,3
1618,100,4,4
1646,100,2,4
2166,100,1,4
2167,100,12,5
1617,100,4,8
1618,100,12,9
1646,100,6,9
1646,100,2,12
2166,100,12,12
0202,100,250,6
0204,100,250,6
0209,100,250,6
0213,100,250,6
2132,100,250,6
2133,100,250,6
2135,100,250,6
2137,100,250,6
0333,100,6,5
0353,100,21,6
0158,100,300,10
2169,100,8,6
2144,100,10,12
2132,100,20,2
2138,100,22,2
2144,100,28,2
2138,100,16,4
2132,100,50,7
2142,100,4,8
2142,100,2,12
0333,100,4,5
0288,100,20,10
0158,100,100,11
2166,100,3,12
2169,100,4,3
1617,100,12,7
1616,100,7,11
1644,100,3,11
1646,100,2,11
1618,100,4,11
1646,100,2,11
0159,100,161,3
0333,100,8,3
0158,100,1003,3
2165,100,100,4
2167,100,18,8
0202,100,48,5
0209,100,48,5
0202,100,48,6
0209,100,48,6
0202,100,24,8
0209,100,24,8
0200,100,384,10
2132,100,72,5
0353,100,2,5
0158,100,60,5
0159,100,233,5
0288,100,240,5
0353,100,38,5
0353,100,2,6
0353,100,2,8
0213,100,96,2
2131,100,24,2
2137,100,24,2
0288,100,20,1
2169,100,3,1
2167,100,2,2
0214,100,28,2
0215,100,170,2
0202,100,50,2
0200,100,72,2
0202,100,64,2
0211,100,53,2
0200,100,6,2
0206,100,6,2
0200,100,178,2
0208,100,41,2
0208,100,485,2
0202,100,30,3
0202,100,50,3
0200,100,60,6
0211,100,20,6
0200,100,385,7
0202,100,100,7
0202,100,40,7
0202,100,45,8
0221,100,431,8
0202,100,50,9
0202,100,25,10
0200,100,90,10
0206,100,90,10
0200,100,60,11
0202,100,59,11
0211,100,90,11
0202,100,30,12
0202,100,10,12
0209,100,40,12
0206,100,34,12
0200,100,72,12
0213,100,40,12
2136,100,39,1
2138,100,39,1
2139,100,26,1
2142,100,26,1
2132,100,24,2
2133,100,10,2
2135,100,24,2
2132,100,80,2
2144,100,85,2
2138,100,29,2
2144,100,29,2
2132,100,53,2
2132,100,60,2
2128,100,220,3
2118,100,19,3
2143,100,1,7
2146,100,4,7
2128,100,50,7
2132,100,26,7
2138,100,25,7
2144,100,20,7
2138,100,50,7
2128,100,340,7
2132,100,300,7
2144,100,150,7
2144,100,268,7
2146,100,208,7
2138,100,10,7
2136,100,96,8
2135,100,227,10
2136,100,72,10
2128,100,6,11
2128,100,64,11
2118,100,8,12
2138,100,10,12
2139,100,10,12
2141,100,10,12
0287,100,300,2
0288,100,300,2
0354,100,12,2
0155,100,12,1
0154,100,52,2
0349,100,10,2
0349,100,26,2
0155,100,14,3
0333,100,2,3
0353,100,18,4
0158,100,108,6
0159,100,10,6
0155,100,14,7
0158,100,329,7
0354,100,3,7
0288,100,150,7
0155,100,224,8
0288,100,20,8
0353,100,19,8
0155,100,914,8
0155,100,336,8
0349,100,5,9
0155,100,2,10
0349,100,18,10
0349,100,30,10
0158,100,60,11
0154,100,60,12
0159,100,250,12
0288,100,150,12
0155,100,13,12
0159,100,60,12
0349,100,3,12
0155,100,4,12
1616,100,4,2
1617,100,4,2
1645,100,2,2
2166,100,9,1
1617,100,2,2
1645,100,1,2
1616,100,8,3
1644,100,4,3
1618,100,18,3
1646,100,5,3
2167,100,22,4
1616,100,7,4
1616,100,1,4
1644,100,4,4
1646,100,2,4
2167,100,16,5
2167,100,15,5
2166,100,16,5
2167,100,16,5
1617,100,12,5
1645,100,6,5
2167,100,12,5
2167,100,6,7
2167,100,5,7
2167,100,10,7
2166,100,1,7
2167,100,3,9
2165,100,1,11
2167,100,2,12
0200,100,30,1
0202,100,778,1
0208,100,778,1
0209,100,30,1
0211,100,256,1
2133,100,530,1
2139,100,327,1
2141,100,8,1
2145,100,1,1
2145,100,93,1
2133,100,171,6
0158,100,325,1
0159,100,50,1
0353,100,39,1
0215,100,14,1
0214,100,192,1
0215,100,14,1
0202,100,24,1
0204,100,8,1
0209,100,8,1
0213,100,8,1
0215,100,10,1
0211,100,122,9
0204,100,24,11
2133,100,10,1
2136,100,40,1
2136,100,124,1
2142,100,314,1
2136,100,14,1
2139,100,10,1
2141,100,20,1
2142,100,1014,1
2145,100,20,1
2136,100,14,1
2139,100,5,1
2142,100,174,1
2145,100,5,1
2128,100,10,3
2132,100,590,3
2138,100,30,3
2144,100,10,3
2135,100,690,5
2118,100,38,6
2138,100,20,8
2146,100,10,8
0159,100,8,1
0158,100,52,2
0159,100,160,2
0158,100,300,4
0159,100,300,4
0333,100,30,4
0352,100,7,5
0352,100,9,5
0155,100,19,6
0353,100,50,8
0354,100,16,9
0349,100,30,10
2165,100,24,1
2169,100,20,1
2169,100,3,1
2165,100,17,2
2169,100,3,2
2166,100,2,3
2167,100,4,3
1618,100,4,5
1646,100,2,5
2167,100,15,7
2169,100,8,7
1617,100,16,8
2169,100,10,8
1616,100,4,9
1618,100,4,9
1644,100,2,9
1646,100,2,9
1618,100,4,9
1646,100,2,9
2165,100,15,9
2169,100,100,10
1617,100,4,12
1618,100,2,12
1645,100,2,12
1646,100,1,12
0159,100,136,4
0353,100,39,4
0349,100,1,6
1617,100,26,4
1645,100,13,4
1617,100,16,4
1645,100,8,4
1618,100,4,10
1646,100,2,10
0202,100,20,2
0214,100,24,2
0215,100,6,2
0215,100,98,8
0224,100,60,8
0215,100,98,8
0224,100,60,8
2136,100,6,2
2136,100,19,2
2136,100,29,2
2139,100,4,2
2142,100,54,2
2145,100,4,2
0354,100,2,1
0288,100,10,2
0353,100,1,2
0154,100,114,8
2165,100,1,2
0213,100,100,1
0211,100,608,3
0211,100,80,6
0208,100,48,6
0214,100,202,7
0213,100,100,11
2131,100,48,1
2137,100,48,1
2128,100,24,4
2132,100,24,4
2128,100,18,6
2138,100,105,7
2118,100,48,9
2136,100,65,10
2141,100,72,11
0158,100,30,1
0159,100,11,1
0288,100,50,1
0158,100,379,2
0354,100,33,2
0158,100,172,3
0353,100,14,3
0158,100,5,4
0158,100,300,5
0159,100,300,5
0333,100,30,5
0349,100,3,6
0349,100,10,6
0159,100,39,8
0155,100,40,10
0349,100,10,10
0353,100,6,10
0353,100,20,10
0159,100,69,11
0155,100,12,11
0288,100,200,11
2167,100,4,1
1616,100,4,2
1618,100,4,2
1646,100,2,2
2165,100,22,2
1618,100,12,3
1646,100,6,3
2167,100,32,4
2167,100,6,7
2167,100,3,7
2167,100,11,8
2166,100,10,8
2166,100,9,11
2166,100,4,11
0002,100,50000,3
0033,100,150000,2
0002,100,50000,5
0033,100,150000,5
0002,100,30000,7
0033,100,150000,7
0002,100,10000,9
0033,100,150000,9
0002,100,30000,11
0033,100,150000,11
0179,100,200,9
1275,1,100,4
0620,1000,9,2
0620,1000,197,3
0620,1000,9,4
0620,1000,197,6
0620,1000,4,6
1859,1000,1,7
0620,1000,134,8
0620,1000,53,8
0620,1000,1,8
0620,1000,9,8
0620,1000,3,9
0620,1000,2,11
0620,1000,197,10
0620,1000,2,11
0620,1000,3,12
0620,1000,3,12
1967,1000,8000,1
1967,1000,5000,3
1967,1000,3000,4
1967,1000,2000,4
1967,1000,2000,4
1967,1000,8000,6
1967,1000,8000,7
1967,1000,4000,8
1564,1000,5700,12
1432,1000,118000,12
0063,1000,25000,2
1502,1000,500,2
1342,1000,1000,3
0094,1000,1000,4
1480,1000,81000,4
1564,1000,2000,4
1281,1000,5000,4
1432,1000,30000,5
1342,1000,3000,4
1432,1000,70000,5
0094,1000,2000,5
1281,1000,5000,5
1281,1000,10000,6
1342,1000,100000,5
1502,1000,105500,5
1432,1000,40000,5
1341,1000,1000,5
1394,1000,1000,5
1432,1000,91000,6
1281,1000,35000,6
1480,1000,10000,6
1480,1000,64000,6
1480,1000,58000,6
1281,1000,8000,8
1564,1000,6600,6
1281,1000,70000,7
1564,1000,7000,6
0071,1000,65000,6
0071,1000,25000,6
1432,1000,96000,6
0071,1000,1000,8
0071,1000,49000,8
1432,1000,69000,7
1342,1000,9000,7
1480,1000,8000,7
1502,1000,2750,7
1342,1000,8000,7
1480,1000,5000,7
1502,1000,4000,7
0094,1000,1000,7
0063,1000,30000,8
0071,1000,12000,10
1432,1000,90000,8
1341,1000,1000,9
0071,1000,10000,11
1394,1000,1000,9
1432,1000,90000,9
0071,1000,20000,11
1564,1000,3000,9
1564,1000,3000,10
1480,1000,37000,10
1564,1000,800,10
1564,1000,23200,10
1281,1000,80000,10
1480,1000,50000,10
1564,1000,15200,10
1564,1000,2300,10
1502,1000,45250,10
1480,1000,128000,11
1502,1000,40000,11
1432,1000,90000,11
1480,1000,4000,11
1480,1000,79000,11
1502,1000,34750,11
1564,1000,4600,11
1341,1000,2000,11
1342,1000,4000,11
0891,1000,200,2
0894,1000,200,12
0894,1000,200,1
0891,1000,100,2
0892,1000,250,2
0893,1000,20,1
0893,1000,80,2
0894,1000,100,1
0894,1000,400,2
0891,1000,500,2
0889,1000,40,2
0884,1000,24,2
0893,1000,40,3
0894,1000,240,2
0894,1000,320,3
0892,1000,500,3
0893,1000,40,3
0893,1000,80,4
0889,1000,70,3
0889,1000,40,4
0891,1000,150,4
0891,1000,230,4
0892,1000,200,4
0891,1000,160,4
0892,1000,140,4
0893,1000,130,4
0894,1000,150,4
0893,1000,30,4
0891,1000,150,5
0892,1000,100,5
0894,1000,150,5
0891,1000,120,5
0891,1000,110,6
0891,1000,110,7
0893,1000,50,5
0894,1000,330,6
0891,1000,540,5
0891,1000,10,7
0892,1000,200,5
0892,1000,600,6
0893,1000,30,5
0893,1000,20,5
0893,1000,120,6
0893,1000,20,6
0893,1000,20,6
0893,1000,100,6
0893,1000,20,6
0893,1000,20,6
0893,1000,100,6
0893,1000,60,6
0889,1000,30,6
0891,1000,400,6
0894,1000,300,6
0891,1000,50,6
0891,1000,200,6
0893,1000,160,6
0872,1000,250,6
0872,1000,750,6
0883,1000,70,6
0889,1000,310,6
0891,1000,100,7
0891,1000,300,8
0892,1000,100,7
0892,1000,400,7
0872,1000,2000,6
0894,1000,200,7
0891,1000,400,8
0893,1000,100,7
0894,1000,10,7
0889,1000,110,7
0889,1000,60,8
0889,1000,100,8
0889,1000,150,9
0894,1000,80,7
0894,1000,400,8
0894,1000,300,9
0877,1000,15640,7
0877,1000,5960,8
0889,1000,360,8
0891,1000,300,9
0892,1000,450,9
0893,1000,280,8
0894,1000,200,9
0893,1000,100,10
0890,1000,10,9
0891,1000,350,10
0891,1000,150,12
0892,1000,130,10
0893,1000,20,10
0893,1000,70,11
0893,1000,70,11
0894,1000,260,12
0368,1000,500,5
0368,1000,500,6
0453,100,30,3
0453,100,10,3
0463,100,36,3
0463,100,64,3
0453,100,560,5
0445,100,4,5
0304,100,300,5
0150,100,7,8
0458,100,4,11
0538,100,3,8
0541,100,3,8
0202,100,2000,2
0206,100,700,3
0204,100,666,5
0204,100,1334,5
0202,100,4000,8
0204,100,134,9
0200,100,597,11
2133,100,34,2
2133,100,270,3
2133,100,507,3
2135,100,12,3
2139,100,157,3
2118,100,125,3
2142,100,560,3
2133,100,12,3
2135,100,12,3
2137,100,225,4
2143,100,390,4
2146,100,61,4
2133,100,600,5
2139,100,450,5
2133,100,96,5
2137,100,84,5
2142,100,100,5
2118,100,25,5
2143,100,45,5
2136,100,96,6
2118,100,100,7
2138,100,100,7
2124,100,56,7
2144,100,38,7
2132,100,166,11
2132,100,57,11
2138,100,265,11
0287,100,3000,1
0159,100,100,2
0158,100,200,2
0353,100,42,3
0287,100,3000,3
0353,100,2,4
0287,100,3000,5
0349,100,14,5
0353,100,5,5
0343,100,22,5
0158,100,200,6
0159,100,200,6
0131,100,150,8
0131,100,200,8
0162,100,4,10
0288,100,3000,11
1092,100,1,1
2167,100,60,2
2167,100,300,2
1092,100,2,2
1617,100,4,4
1645,100,4,4
1092,100,24,6
2167,100,50,6
2167,100,150,7
2167,100,200,11
0936,100,50000,8
1904,1000,42000,1
1904,1000,4000,1
1904,1000,115000,1
1431,1000,9000,1
1904,1000,150000,1
1904,1000,2000,2
1431,1000,6000,2
1904,1000,50000,2
1904,1000,2000,2
1904,1000,30000,2
1904,1000,2000,2
1431,1000,8000,3
1431,1000,3000,3
1904,1000,50000,3
1431,1000,4000,3
1904,1000,50000,3
1904,1000,54000,3
1904,1000,10000,3
1431,1000,10000,3
1904,1000,2000,3
1904,1000,50000,4
1431,1000,8000,4
1904,1000,70000,5
1431,1000,5000,5
1904,1000,50000,5
1904,1000,50000,7
1904,1000,50000,7
1904,1000,50000,7
1904,1000,50000,8
1904,1000,50000,8
1904,1000,6000,9
1904,1000,26000,9
1904,1000,26000,9
1904,1000,100000,10
1431,1000,5000,10
1904,1000,16000,11
1904,1000,100000,11
1431,1000,4000,11
1904,1000,100000,11
1431,1000,12000,12
1904,1000,12000,12
0374,100,50000,12
0385,100,5000,12
0387,100,5000,12
0387,100,8000,3
0387,100,10000,5
0387,100,10000,6
0374,100,50000,6
0387,100,15000,6
0374,100,10000,6
0374,100,25000,9
0374,100,40000,9
0374,100,3000,10
0374,100,22000,10
0374,100,15000,10
0374,100,15000,11
0385,100,5000,11
0374,100,15000,11
0385,100,5000,11
0385,100,5000,12
1431,1000,39000,4
1485,1000,4000,4
1485,1000,6000,4
1520,1000,28000,4
1520,1000,20000,4
1520,1000,27000,4
1520,1000,5000,4
1278,1000,21000,5
1431,1000,2000,5
1431,1000,18000,5
1520,1000,10000,5
1278,1000,18000,6
1431,1000,77000,6
1278,1000,8000,7
1431,1000,12000,7
1485,1000,2000,7
1520,1000,3000,7
1431,1000,41000,11
1485,1000,1000,11
1570,100,90000,1
1570,100,60000,1
1571,100,18000,1
1570,100,30000,1
1571,100,1000,1
1570,100,30000,1
1571,100,500,1
1570,100,30000,1
1571,100,7000,1
1570,100,60000,2
1571,100,15000,2
1570,100,15000,2
1571,100,1500,2
1570,100,15000,4
1571,100,70000,5
1571,100,60000,5
1570,100,30000,6
1570,100,60000,7
1570,100,60000,9
1570,100,60000,10
1570,100,60000,10
1570,100,30000,10
1570,100,30000,11
1570,100,30000,12
1570,100,60000,12
1571,100,42000,12
1570,100,60000,1
1274,1,30000,1
1274,1,10000,1
1274,1,40000,2
1274,1,1000,2
1274,1,20000,2
1274,1,10000,2
1274,1,30000,2
1274,1,50000,3
1274,1,10000,3
1274,1,20000,3
1274,1,20000,4
1274,1,1000,4
1274,1,5000,4
1274,1,30000,5
1274,1,20000,5
1274,1,30000,5
1274,1,20000,6
1274,1,20000,6
1274,1,20000,6
1274,1,20000,6
1274,1,20000,7
1274,1,20000,7
1274,1,40000,7
1274,1,10000,8
1274,1,70000,8
1274,1,20000,9
1274,1,10000,9
1274,1,1000,9
1274,1,20000,10
1274,1,20000,10
1274,1,30000,10
1274,1,20000,11
1274,1,40000,10
1274,1,30000,11
1274,1,10000,11
1274,1,20000,11
1274,1,30000,11
1274,1,30000,12
1274,1,10000,12
1274,1,3000,12
1570,1000,2000,1
1570,1000,10000,1
1570,1000,20000,1
1570,1000,10000,1
1355,1000,2000,2
1570,1000,4000,3
1570,1000,5000,3
1570,1000,5500,3
1570,1000,9000,4
1570,1000,14000,4
1570,1000,4000,4
1570,1000,4000,5
1570,1000,12000,5
1570,1000,20000,5
1570,1000,9000,7
1570,1000,3000,7
1570,1000,3500,8
1570,1000,9000,8
1570,1000,2000,8
1570,1000,4000,10
1570,1000,9000,10
1570,1000,12000,10
0202,100,454,4
2132,100,46,3
2135,100,162,3
2132,100,146,4
0213,100,438,9
0154,100,135,9
1616,100,2,9
1644,100,1,9
1646,100,2,9
1646,100,2,11
0544,100,2,4
0215,100,198,3
0224,100,197,3
0209,100,96,4
0213,100,368,4
2137,100,43,3
2133,100,4,4
2135,100,96,4
2137,100,368,4
2132,100,308,4
0154,100,100,3
0155,100,38,3
0288,100,50,3
1616,100,12,9
1644,100,2,9
1616,100,10,9
1644,100,5,9
1859,100,4,2
1859,100,4,2
1859,100,4,3
1859,100,4,3
1859,100,2,4
0620,100,20,5
0034,100,200,1
0034,100,1000,3
1466,100,17000,3
1466,100,17000,6
1466,100,10000,9
0374,100,1000,5
0390,100,1000,5
0111,100,120,5
0115,100,120,5
0588,100,120,5
0115,100,1800,5
1274,1,11000,1
1451,1,32000,1
1451,1,10000,1
1451,1,85000,1
1451,1,62000,1
1451,1,60000,1
1451,1,30000,2
1451,1,43000,2
1451,1,10000,2
1451,1,3000,2
1274,1,3000,4
1451,1,10000,4
1359,1,6000,1
1359,1,50000,1
1359,1,14000,1
1359,1,39000,1
1359,1,25000,1
1359,1,20000,1
1359,1,20000,2
1359,1,25000,1
1359,1,25000,2
1359,1,12000,1
1359,1,35000,2
1359,1,25000,2
1359,1,13000,2
1359,1,1000,2
1359,1,60000,2
1359,1,50000,2
1359,1,50000,3
1359,1,10000,2
1359,1,1000,3
1359,1,11000,3
1359,1,25000,3
1359,1,12000,3
1359,1,1000,3
1359,1,25000,4
1359,1,7000,3
1359,1,1000,3
1359,1,25000,3
1359,1,20000,3
1359,1,20000,4
1359,1,20000,5
1359,1,11000,3
1359,1,25000,4
1359,1,25000,4
1359,1,10000,4
1359,1,1000,4
1359,1,25000,4
1359,1,15000,4
1359,1,11000,4
1359,1,25000,4
1359,1,25000,4
1359,1,34000,4
1359,1,20000,6
1359,1,11000,5
1359,1,10000,5
1359,1,25000,5
1359,1,10000,5
1359,1,8000,5
1359,1,9000,6
1359,1,25000,6
1359,1,8000,6
1359,1,1000,6
1359,1,20000,6
1359,1,20000,7
1359,1,10000,6
1359,1,25000,6
1359,1,36000,6
1359,1,25000,7
1359,1,10000,7
1359,1,15000,7
1359,1,14000,7
1359,1,20000,7
1359,1,1000,7
1359,1,20000,8
1359,1,10000,7
1359,1,9000,8
1359,1,7000,8
1359,1,1000,8
1359,1,13000,8
1359,1,13000,8
1359,1,9000,9
1359,1,16000,9
1359,1,1000,9
1359,1,1000,9
1359,1,10000,9
1359,1,10000,10
1359,1,5000,9
1359,1,8000,9
1359,1,8000,10
1359,1,7000,10
1359,1,7000,10
1359,1,1000,10
1359,1,13000,10
1359,1,11000,10
1359,1,9000,11
1359,1,9000,11
1359,1,10000,11
1359,1,10000,12
1359,1,9000,11
1359,1,18000,11
1359,1,9000,12
1359,1,1000,12
1359,1,12000,12
1359,1,10000,12
1359,1,1000,12
1359,1,20000,12
1359,1,4000,12
1719,100,54,9
1435,100,20000,5
1435,100,1000,6
1435,100,20000,6
1435,100,32000,6
1435,100,68000,7
0146,100,10000,1
0145,100,20000,1
0146,100,20000,2
0145,100,10000,2
0145,100,15000,3
0146,100,10000,3
0145,100,10000,3
0146,100,15000,3
0145,100,15000,4
0146,100,10000,4
0146,100,15000,4
0145,100,10000,4
0146,100,10000,4
0146,100,20000,5
0145,100,10000,6
0146,100,10000,6
0145,100,20000,6
0146,100,20000,6
0145,100,10000,7
0145,100,10000,7
0146,100,20000,7
0145,100,25000,8
0146,100,20000,8
0145,100,10000,8
0146,100,10000,8
0145,100,20000,9
0146,100,20000,9
0145,100,10000,10
0146,100,10000,9
0145,100,20000,10
0146,100,40000,10
0145,100,10000,11
0146,100,10000,11
0145,100,10000,11
0146,100,8000,11
0146,100,12000,12
2008,1000,1000,3
2008,1000,1000,5
1986,1000,200,5
2008,1000,1000,6
1986,1000,200,8
1986,1000,300,11
1404,1000,2000,2
1404,1000,5000,3
1394,1000,3000,5
1404,1000,2000,5
1404,1000,7000,7
1404,1000,3000,7
1404,1000,1000,8
1404,1000,1000,8
1404,1000,5000,9
1393,1000,10000,12
0556,1000,8000,5
0553,1000,500,7
1450,100,2000,12
1450,100,1000,1
1450,100,2000,1
1450,100,7000,1
1356,100,1000,2
1450,100,1000,2
1450,100,1000,3
1450,100,2000,3
1356,100,1000,4
1356,100,2000,4
1450,100,2000,5
1450,100,3000,5
1356,100,1000,6
1356,100,1000,7
1450,100,2000,7
1450,100,1000,8
1356,100,2000,9
1450,100,2000,9
1450,100,1000,10
1450,100,2000,10
1356,100,2000,11
1450,100,2000,11
1450,100,5000,11
1356,100,1000,11
1450,100,2000,12
1904,100,5000,7
0639,100,20,5
1219,1,2000,1
1447,1,1000,1
1219,1,2000,1
1273,1,9000,2
1527,1,1000,2
1447,1,1000,2
1273,1,20000,2
1219,1,2000,2
1447,1,1000,3
1527,1,1000,3
1219,1,2000,3
1273,1,7000,4
1447,1,1000,4
1273,1,1000,4
1273,1,6000,4
1447,1,1000,5
1219,1,1000,5
1273,1,5000,5
1527,1,1000,6
1219,1,4000,6
1273,1,7000,6
1447,1,1000,7
1219,1,1000,7
1273,1,4000,7
1447,1,1000,7
1527,1,1000,7
1273,1,1000,7
1219,1,1000,8
1273,1,6000,8
1273,1,4000,9
1219,1,1000,10
1447,1,1000,10
1219,1,1000,10
1273,1,5000,10
1219,1,1000,11
1273,1,4000,11
1447,1,1000,12
1273,1,3000,12
1356,1,35000,1
1356,1,50000,1
1356,1,36000,2
1356,1,26000,2
1356,1,55000,2
1356,1,30000,2
1356,1,68000,4
1356,1,32000,3
1356,1,40000,4
1356,1,50000,4
1356,1,44000,5
1356,1,60000,5
1356,1,50000,6
1356,1,50000,6
1356,1,25000,7
1356,1,35000,7
1356,1,30000,7
1356,1,60000,7
1356,1,40000,8
1356,1,56000,9
1356,1,44000,9
1356,1,31000,10
1356,1,50000,10
1356,1,50000,10
1356,1,75000,11
1356,1,76000,12
1153,1,15000,9
1153,1,40000,9
1153,1,45000,9
1153,1,35000,3
1153,1,15000,3
1153,1,50000,8
0676,1,1000,2
0689,1,1000,2
2013,1,700,12
1999,1,1000,2
1999,1,5000,3
1999,1,1000,4
1999,1,5000,7
1999,1,4000,8
1999,1,1000,8
1999,1,5000,9
1999,1,1000,12
1992,1,800,2
1992,1,800,4
1992,1,800,4
1992,1,800,5
1992,1,800,7
1992,1,800,8
1992,1,800,10
1992,1,800,10
1992,1,800,11
0942,1,600,1
1972,1,1000,1
0942,1,1500,1
1972,1,1000,1
1972,1,1000,2
1972,1,1000,2
1972,1,1000,2
1972,1,1000,3
1972,1,1000,4
0942,1,600,4
1972,1,1000,4
1972,1,1000,4
0942,1,1200,4
1972,1,1000,4
1972,1,1000,4
1972,1,1000,5
0942,1,1200,5
1972,1,1000,5
1972,1,1000,6
1972,1,1000,6
1972,1,1000,6
1972,1,9000,6
0942,1,100,8
1972,1,2000,8
1981,1,100,8
0942,1,300,10
0942,1,1000,10
0942,1,1000,10
1981,1,100,10
0942,1,200,11
1972,1,1000,11
0942,1,600,11
1972,1,3000,11
0942,1,1000,12
0942,1,600,12
1972,1,3000,12
1135,1,5000,9
1218,1,3000,2
1218,1,3000,3
1218,1,3000,4
1218,1,3000,5
1218,1,3000,7
0936,1,2500,4
0936,1,2500,11
1219,1,2000,2
1219,1,1000,6
1219,1,1000,10
1755,1,3,9
1763,1,3,9
0608,1,1,1
0620,1,3,1
0613,1,1,1
0620,1,2,3
0620,1,3,4
0608,1,1,5
0620,1,1,5
0620,1,3,7
0608,1,3,7
0620,1,5,7
1752,1,2,8
1755,1,2,8
1757,1,2,8
1763,1,2,8
1757,1,1,10
0608,1,2,10
1999,1,1000,1
1999,1,3000,6
1999,1,1000,7
0013,1,500,2
0014,1,1000,3
0013,1,500,4
0014,1,1000,4
0013,1,500,5
0013,1,500,11
0014,1,2000,12
1515,1,100,5
1515,1,100,8
1999,1,1000,1
1570,1,6000,1
1570,1,500,1
1570,1,6000,2
0831,1,5000,2
0831,1,5000,4
1570,1,3000,5
1570,1,3000,5
1570,1,2000,6
0831,1,1000,6
1570,1,1000,8
1570,1,3000,9
1570,1,3000,10
1570,1,5000,12
2019,1,500,12
2019,1,1000,1
2019,1,1000,1
2019,1,1000,1
2019,1,1000,3
2019,1,1000,3
2019,1,1000,3
2019,1,1000,4
2019,1,1000,5
2019,1,1000,5
2019,1,1000,6
2019,1,1000,6
2019,1,1000,7
2019,1,500,8
2019,1,500,9
2019,1,500,10
2019,1,500,10
2019,1,500,11
2019,1,500,11
2019,1,500,11
2019,1,500,12
2019,1,1000,12
0036,1,3000,1
0036,1,5000,2
0036,1,5000,2
0036,1,5000,2
0036,1,5000,2
0036,1,4000,2
0036,1,5000,3
1981,1,100,3
0036,1,6000,4
1981,1,100,4
0036,1,5000,4
0036,1,5000,5
0036,1,5000,5
0036,1,3000,5
0036,1,5000,6
0036,1,3000,6
1981,1,100,6
0036,1,5000,6
0036,1,3000,6
0036,1,3000,7
0036,1,6000,7
0036,1,3000,9
0036,1,5000,10
0036,1,1000,11
0036,1,5000,10
0036,1,5000,11
0036,1,1000,12
0036,1,5000,12
0036,1,1000,12
0036,1,5000,12
0036,1,5000,12
0036,1,5000,12
1359,1,20000,1
1359,1,25000,1
1359,1,25000,1
1359,1,25000,2
1274,1,10000,1
1501,1,1000,1
1359,1,20000,1
1274,1,3000,1
1359,1,1000,1
1359,1,21000,2
1359,1,25000,2
1501,1,1000,2
1359,1,20000,2
1274,1,10000,3
1274,1,15000,2
1274,1,4000,3
1359,1,20000,3
1359,1,20000,3
1359,1,25000,3
1501,1,1000,3
1359,1,20000,4
1359,1,20000,5
1359,1,10000,4
1274,1,6000,4
1359,1,10000,4
1359,1,25000,4
1274,1,3000,4
1359,1,10000,4
1274,1,10000,4
1359,1,25000,5
1359,1,25000,6
1359,1,25000,5
1359,1,25000,6
1359,1,25000,7
1359,1,10000,6
1274,1,1000,6
1359,1,20000,6
1274,1,1000,7
1359,1,25000,7
1274,1,15000,6
1274,1,3000,7
1359,1,5000,7
1359,1,10000,7
1501,1,1000,7
1359,1,20000,7
1274,1,1000,7
1274,1,1000,7
1359,1,10000,7
1359,1,5000,8
1501,1,1000,8
1274,1,1000,8
1359,1,25000,8
1359,1,20000,8
1359,1,5000,8
1274,1,1000,9
1359,1,10000,9
1359,1,25000,9
1274,1,10000,9
1274,1,2000,9
1274,1,2000,9
1359,1,5000,9
1359,1,25000,9
1359,1,30000,9
1359,1,25000,10
1501,1,1000,10
1359,1,5000,10
1274,1,10000,10
1359,1,25000,10
1359,1,5000,10
1274,1,5000,10
1359,1,15000,10
1274,1,15000,10
1359,1,20000,10
1359,1,5000,11
1274,1,10000,11
1359,1,25000,11
1274,1,1000,11
1359,1,50000,11
1274,1,1000,11
1359,1,25000,11
1359,1,5000,11
1359,1,25000,11
1501,1,1000,11
1274,1,10000,12
1359,1,20000,11
1274,1,5000,12
1501,1,1000,12
1359,1,25000,12
1359,1,5000,12
1359,1,10000,12
1359,1,25000,12
1359,1,17000,12
1501,1,1000,12
1274,1,30000,12
1359,1,25000,12
1039,1,100,4
1039,1,100,8
1039,1,200,11
1147,1,60000,1
1147,1,30000,1
1147,1,30000,5
1147,1,30000,5
1147,1,20000,7
1147,1,10000,7
1147,1,20000,7
1147,1,10000,7
1147,1,20000,8
1147,1,15000,11
1147,1,40000,11
1147,1,15000,12
1147,1,85000,12
1399,100,5000,1
1399,100,2000,1
1399,100,3000,4
1399,100,1000,4
1399,100,2000,5
1399,100,3000,6
1399,100,6000,7
1399,100,2000,10
1399,100,2000,11
1817,100,50000,12
1817,100,100000,12
1719,100,72,6
1571,100,175000,1
1571,100,5500,1
1571,100,4000,1
1571,100,4000,2
1571,100,9500,2
1571,100,19000,4
1571,100,53000,7
1571,100,21500,7
1571,100,5000,7
1571,100,9000,8
1571,100,21500,8
1571,100,22000,9
1571,100,500,9
1571,100,7500,10
1571,100,10000,11
1571,100,11500,11
1571,100,8000,12
1571,100,9000,12
1571,100,14000,12
1278,100,6000,7
1278,100,24000,7
1278,100,20000,7
2004,1,2000,1
2004,1,2000,1
2004,1,1000,3
2004,1,2000,4
2004,1,1000,5
2004,1,1000,6
2004,1,1000,11
2004,1,2000,7
2004,1,1000,8
2004,1,1000,10
2004,1,1000,12
0083,1,1000,10
1970,1,6000,7
1970,1,4000,1
1970,1,4000,2
1970,1,5000,3
1970,1,10000,4
1970,1,6000,5
1970,1,5000,8
1552,1,30000,1
1552,1,30000,1
1552,1,30000,2
1552,1,10000,3
1552,1,20000,3
1552,1,30000,4
1552,1,30000,4
1552,1,20000,4
1290,1,50000,1
1290,1,50000,2
1552,1,30000,4
1552,1,30000,4
1552,1,30000,5
1552,1,30000,5
1552,1,30000,5
1290,1,50000,3
1287,1,50000,4
1290,1,50000,4
1552,1,30000,6
1552,1,30000,6
1552,1,30000,6
1652,1,3000,4
1552,1,30000,6
1552,1,30000,7
1552,1,20000,7
1290,1,50000,4
1290,1,50000,5
1290,1,50000,5
1552,1,30000,7
1286,1,50000,6
1290,1,50000,7
1290,1,50000,8
1652,1,500,9
1552,1,30000,10
1552,1,50000,11
1290,1,50000,10
1552,1,50000,11
1288,1,47000,10
1288,1,3000,10
1290,1,50000,11
1652,1,6000,11
1552,1,48600,11
1552,1,50000,12
1652,1,4000,12
1290,1,50000,12
1342,100,15000,5
1502,100,8000,5
1404,100,6000,5
1502,100,72000,5
1404,100,9000,7
1502,100,50000,7
1342,100,20000,11
1432,100,90000,11
1342,100,24000,12
1432,100,45000,12
1102,100,20,4
1102,100,10,5
1102,100,794,6
1102,100,806,6
1538,1,100,2
1538,1,150,6
1538,1,50,7
1538,1,150,7
1538,1,200,8
1538,1,100,8
1538,1,200,8
1538,1,150,9
1538,1,50,10
1538,1,100,10
1538,1,100,10
1538,1,50,10
1538,1,100,11
1538,1,100,10
1538,1,200,11
1538,1,100,11
1538,1,50,11
1538,1,100,11
1538,1,200,11
1538,1,200,12
0127,1,1000,1
0127,1,1000,2
0127,1,1000,4
0127,1,1000,5
0127,1,1000,6
0127,1,1000,6
0127,1,1000,6
0127,1,1000,8
0127,1,1000,9
0127,1,1000,9
0127,1,1000,11
0127,1,1000,12
1719,100,54,2
1719,100,27,10
1719,100,54,10
1719,100,54,10
1719,100,108,2
1719,100,27,8
1719,100,27,9
1719,100,27,9
1719,100,72,6
1719,100,162,3
1719,100,27,7
1719,100,27,7
1719,100,162,2
1719,100,27,6
1723,100,600,1
1723,100,600,2
1723,100,1200,4
1722,100,20,4
1723,100,1600,12
1723,100,1600,4
1350,100,200000,12
1350,100,99000,10
1350,100,1000,10
1350,100,100000,11
0463,100,60,1
0495,100,24,3
2154,100,450,10
2156,100,55,10
2157,100,52,10
2158,100,130,10
2124,100,1000,2
2125,100,100,2
2126,100,100,2
2129,100,600,2
2131,100,600,2
2144,100,300,2
2146,100,500,2
2144,100,100,1
2144,100,300,10
0287,100,3000,2
0287,100,300,1
0288,100,1000,1
0445,100,12,10
0516,100,15,7
0524,100,15,7
0534,100,15,7
2154,100,1540,7
2154,100,80,7
2156,100,128,7
2157,100,60,7
2158,100,160,7
2154,100,1550,7
2156,100,280,7
2157,100,140,7
2158,100,169,7
2158,100,20,10
0226,100,365,7
0227,100,210,7
0229,100,210,7
0231,100,365,7
0226,100,35,10
2137,100,500,6
2166,100,20,10
0261,100,15,7
0432,100,1,10
1431,100,100000,1
1263,100,50000,1
1431,100,100000,1
1431,100,100000,1
1263,100,100000,2
1431,100,150000,2
1431,100,200000,2
1263,100,50000,3
1431,100,100000,3
1431,100,100000,3
1263,100,50000,4
1431,100,100000,4
1431,100,50000,4
1431,100,100000,4
1263,100,100000,4
1431,100,50000,4
1431,100,100000,5
1263,100,50000,5
1431,100,150000,5
1263,100,50000,5
1431,100,100000,5
1431,100,100000,6
1431,100,100000,6
1263,100,50000,7
1431,100,100000,7
1263,100,50000,7
1263,100,50000,8
1431,100,100000,8
1431,100,100000,8
1263,100,50000,8
1431,100,100000,9
1263,100,50000,9
1263,100,50000,9
1431,100,100000,10
1263,100,50000,10
1431,100,100000,10
1263,100,50000,10
1431,100,100000,11
1263,100,50000,11
1431,100,100000,11
1263,100,50000,12
1431,100,100000,12
1263,100,50000,12
1431,100,200000,12
0936,100,30000,3
0936,100,60000,4
0936,100,30000,6
0936,100,30000,6
0936,100,30000,10
0639,100,50,12
0642,100,100,1
0642,100,50,11
0642,100,50,12
0639,100,40,12
0642,100,26,12
0642,100,24,12
1797,1,20,1
1797,1,20,2
1797,1,10,7
1798,1,10,8
1797,1,30,8
1797,1,80,8
1797,1,70,9
1797,1,430,9
1797,1,30,11
1798,1,20,12
0560,100,4000,1
0562,100,5000,5
0557,100,2000,7
0560,100,2000,7
1593,100,1000,7
0560,100,5000,9
0557,100,5000,10
2167,100,20,2
0213,100,300,4
0202,100,550,7
2128,100,218,7
2129,100,344,7
2129,100,45,7
0349,100,40,7
0208,100,288,4
2124,100,89,2
1451,1,3000,2
1451,1,5000,2
1451,1,5000,2
1451,1,4000,2
1451,1,10000,3
1451,1,10000,6
1451,1,5000,7
1451,1,5000,8
1451,1,4000,8
1451,1,15000,8
1451,1,5000,8
1451,1,3000,8
1264,1,1000,9
1451,1,4000,9
1274,1,10000,9
1451,1,10000,9
1451,1,5000,9
1451,1,1000,9
1451,1,3000,9
1451,1,1000,9
1451,1,5000,9
1451,1,10000,9
1451,1,4000,10
1451,1,9000,10
1451,1,1000,10
1451,1,3000,10
1451,1,15000,10
1451,1,4000,10
1451,1,10000,10
1264,1,1000,10
1451,1,4000,10
1451,1,5000,10
1274,1,1000,10
1451,1,2000,10
1451,1,5000,11
1451,1,5000,10
1451,1,23000,10
1451,1,5000,11
1451,1,1000,11
1451,1,3000,11
1451,1,4000,11
1451,1,4000,11
1451,1,2000,12
1451,1,10000,11
1451,1,5000,11
1451,1,1000,11
1451,1,1000,11
1451,1,10000,11
1451,1,3000,12
1451,1,5000,12
1451,1,5000,12
1451,1,2000,12
1451,1,5000,12
1451,1,5000,12
1451,1,2000,12
1451,1,10000,12
1264,1,2000,12
1451,1,1000,12
1451,1,20000,12
1451,1,3000,12
1451,1,6000,12
1270,1000,4000,1
1439,1000,18000,1
1247,1000,42000,1
1270,1000,2000,1
1439,1000,2000,1
1247,1000,16000,1
1270,1000,5000,1
1281,1000,4000,1
1439,1000,1000,1
1247,1000,19000,1
1270,1000,7000,1
1439,1000,1000,1
1247,1000,19000,1
1270,1000,2000,1
1439,1000,101000,2
1270,1000,5000,2
1439,1000,4000,2
1247,1000,65000,2
1439,1000,4000,2
1247,1000,71000,2
1270,1000,3000,2
1439,1000,2000,2
1247,1000,60000,2
1270,1000,1000,2
1439,1000,1000,2
1247,1000,29000,2
1270,1000,4000,3
1439,1000,1000,3
1247,1000,75000,3
1270,1000,4000,3
1439,1000,3000,3
1247,1000,59000,3
1270,1000,3000,3
1439,1000,1000,3
1247,1000,61000,3
1270,1000,4000,3
1439,1000,1000,3
1247,1000,4000,3
1270,1000,3000,4
1439,1000,3000,4
1247,1000,40000,4
1270,1000,7000,4
1439,1000,5000,4
1247,1000,68000,4
1270,1000,3000,4
1439,1000,1000,4
1247,1000,56000,4
1270,1000,2000,4
1439,1000,2000,4
1247,1000,52000,4
1270,1000,5000,5
1439,1000,5000,5
1247,1000,65000,5
1270,1000,5000,5
1439,1000,25000,5
1247,1000,19000,5
1247,1000,43000,5
1270,1000,5000,5
1439,1000,22000,5
1247,1000,65000,5
1270,1000,5000,5
1439,1000,44000,5
1247,1000,59000,5
1270,1000,3000,5
1439,1000,4000,5
1247,1000,56000,5
1270,1000,3000,6
1439,1000,2000,6
1247,1000,48000,6
1270,1000,4000,6
1439,1000,4000,6
1247,1000,23000,6
1247,1000,31000,6
1270,1000,4000,6
1439,1000,2000,6
1247,1000,51000,6
1247,1000,12000,6
1270,1000,5000,6
1439,1000,5000,6
1247,1000,48000,6
1270,1000,2000,7
1439,1000,2000,7
1247,1000,35000,7
1270,1000,3000,7
1439,1000,1000,7
1247,1000,21000,7
1270,1000,3000,7
1439,1000,4000,7
1247,1000,33000,7
1270,1000,7000,7
1439,1000,8000,7
1247,1000,90000,7
1270,1000,7000,7
1439,1000,7000,7
1247,1000,121000,7
1247,1000,2000,8
1270,1000,1000,8
1247,1000,52000,8
1270,1000,6000,8
1439,1000,3000,8
1247,1000,60000,8
1270,1000,8000,8
1439,1000,4000,8
1247,1000,9000,8
1270,1000,3000,9
1439,1000,7000,9
1247,1000,22000,9
1439,1000,3000,9
1247,1000,43000,9
1270,1000,2000,9
1439,1000,8000,9
1247,1000,86000,9
1270,1000,9000,9
1439,1000,10000,9
1247,1000,100000,9
1270,1000,3000,10
1247,1000,10000,10
1270,1000,6000,10
1439,1000,4000,10
1247,1000,45000,10
1270,1000,5000,10
1439,1000,7000,10
1247,1000,50000,10
1270,1000,3000,10
1439,1000,5000,10
1247,1000,50000,10
1270,1000,1000,11
1439,1000,5000,11
1247,1000,20000,11
1270,1000,3000,11
1439,1000,5000,11
1247,1000,53000,11
0639,1000,20,11
0642,1000,40,11
1270,1000,4000,11
1439,1000,3000,11
1247,1000,40000,11
1270,1000,4000,11
1439,1000,3000,11
1247,1000,60000,11
1270,1000,4000,12
1439,1000,4000,12
1247,1000,40000,12
1270,1000,4000,12
1439,1000,3000,12
1247,1000,40000,12
1270,1000,3000,12
1439,1000,2000,12
1247,1000,39000,12
1270,1000,3000,12
1439,1000,3000,12
1247,1000,23000,12
1270,1000,4000,12
1439,1000,4000,12
1247,1000,15000,12
1342,1000,3000,1
1270,1000,5000,12
1270,1000,5000,1
1270,1000,5000,2
1270,1000,5000,2
1270,1000,5000,2
0642,1000,4,3
1270,1000,5000,3
1270,1000,5000,3
0642,1000,2,3
1270,1000,5000,4
0642,1000,20,4
1270,1000,5000,5
1270,1000,5000,5
0642,1000,10,6
0642,1000,5,6
1270,1000,5000,6
1270,1000,5000,7
1270,1000,5000,7
1270,1000,5000,8
1270,1000,5000,9
1270,1000,5000,10
1270,1000,5000,10
1270,1000,5000,11
1270,1000,5000,11
0642,1000,30,10
0639,1000,9,11
0642,1000,50,11
1281,1000,17000,1
1342,1000,10000,1
1485,1000,8000,1
1247,1000,10000,12
1278,1000,4000,12
1281,1000,2000,12
1247,1000,10000,12
1278,1000,5000,1
1281,1000,4000,1
1281,1000,31000,1
1439,1000,10000,1
1485,1000,8000,1
1281,1000,3000,1
1247,1000,5000,1
1281,1000,1000,1
1439,1000,10000,1
1247,1000,7000,1
1281,1000,2000,1
1281,1000,30000,1
1342,1000,10000,1
1439,1000,10000,1
1485,1000,16000,1
1278,1000,1000,1
1350,1000,1000,1
1247,1000,16000,1
1278,1000,2000,2
1350,1000,1000,2
1247,1000,12000,2
1281,1000,20000,2
1485,1000,8000,2
1281,1000,25000,2
1342,1000,10000,2
1439,1000,10000,2
1485,1000,16000,2
1281,1000,1000,2
1278,1000,3000,2
1350,1000,2000,2
1247,1000,14000,2
1281,1000,16000,2
1431,1000,1000,2
1247,1000,11000,2
1281,1000,20000,2
1342,1000,10000,2
1439,1000,10000,2
1485,1000,8000,2
1278,1000,5000,2
1281,1000,21000,3
1485,1000,16000,3
1281,1000,4000,2
1278,1000,1000,3
1350,1000,2000,3
1281,1000,20000,3
1342,1000,10000,3
1439,1000,10000,3
1485,1000,8000,3
1278,1000,2000,3
1247,1000,23000,3
1281,1000,15000,3
1439,1000,10000,3
1281,1000,5000,3
1278,1000,1000,3
1247,1000,14000,3
1281,1000,30000,3
1342,1000,10000,3
1485,1000,16000,3
1278,1000,2000,3
1247,1000,8000,3
1281,1000,30000,3
1342,1000,10000,3
1439,1000,10000,3
1485,1000,8000,3
1281,1000,6000,3
1281,1000,7000,3
1278,1000,2000,3
1278,1000,4000,4
1247,1000,20000,4
1281,1000,3000,4
1281,1000,25000,4
1342,1000,10000,4
1485,1000,8000,4
1281,1000,20000,4
1439,1000,10000,4
1350,1000,1000,3
1278,1000,2000,4
1350,1000,1000,4
1247,1000,4000,4
1278,1000,2000,4
1281,1000,30000,4
1342,1000,10000,4
1439,1000,10000,4
1485,1000,16000,4
1247,1000,21000,4
1281,1000,25000,4
1485,1000,6000,4
1278,1000,1000,4
1278,1000,3000,4
1281,1000,25000,5
1342,1000,10000,5
1439,1000,10000,5
1485,1000,18000,5
1281,1000,30000,5
1439,1000,10000,5
1485,1000,8000,5
1281,1000,2000,5
1278,1000,3000,5
1278,1000,2000,5
1350,1000,1000,5
1281,1000,10000,5
1342,1000,10000,5
1485,1000,8000,5
1350,1000,1000,5
1247,1000,20000,5
1281,1000,20000,6
1342,1000,10000,6
1439,1000,10000,6
1485,1000,8000,6
1278,1000,1000,5
1247,1000,6000,5
1278,1000,1000,5
1247,1000,7000,6
1350,1000,1000,6
1247,1000,3000,6
1281,1000,20000,6
1342,1000,10000,6
1439,1000,10000,6
1281,1000,10000,6
1342,1000,10000,6
1439,1000,10000,6
1350,1000,2000,6
1247,1000,24000,6
1281,1000,15000,6
1278,1000,1000,6
1350,1000,1000,7
1247,1000,1000,7
1281,1000,20000,7
1439,1000,10000,7
1485,1000,8000,7
1247,1000,10000,7
1281,1000,10000,7
1342,1000,10000,7
1439,1000,10000,7
1281,1000,2000,7
1281,1000,1000,7
1247,1000,23000,7
1281,1000,5000,7
1342,1000,10000,7
1281,1000,22000,7
1342,1000,10000,7
1439,1000,10000,7
1485,1000,16000,7
1350,1000,1000,7
1281,1000,20000,8
1439,1000,10000,8
1485,1000,8000,8
1281,1000,20000,8
1342,1000,10000,8
1485,1000,8000,8
1281,1000,1000,8
1439,1000,10000,8
1247,1000,16000,8
1281,1000,40000,8
1485,1000,16000,8
1247,1000,4000,8
1281,1000,35000,8
1439,1000,10000,8
1485,1000,16000,8
1281,1000,30000,8
1342,1000,10000,8
1485,1000,24000,8
1281,1000,1000,9
1281,1000,30000,9
1439,1000,10000,9
1485,1000,16000,9
1281,1000,1000,9
1247,1000,1000,9
1281,1000,25000,9
1342,1000,10000,9
1439,1000,10000,9
1485,1000,8000,9
1350,1000,1000,9
1247,1000,3000,9
1281,1000,40000,9
1342,1000,10000,9
1439,1000,10000,9
1485,1000,32000,9
1281,1000,1000,9
1247,1000,6000,9
1281,1000,42000,10
1342,1000,10000,10
1485,1000,16000,10
1281,1000,1000,9
1350,1000,1000,9
1247,1000,15000,9
1281,1000,40000,10
1439,1000,10000,10
1485,1000,16000,10
1281,1000,1000,10
1439,1000,10000,10
1281,1000,1000,10
0639,1000,5,10
0642,1000,40,10
1485,1000,8000,10
0642,1000,12,10
1278,1000,1000,10
1281,1000,1000,10
1342,1000,10000,10
1439,1000,10000,10
1485,1000,8000,10
1281,1000,2000,10
1281,1000,22000,10
1439,1000,10000,10
1439,1000,10000,11
1281,1000,10000,11
1342,1000,10000,11
1485,1000,8000,11
1281,1000,1000,11
1281,1000,30000,11
1342,1000,10000,11
1439,1000,10000,11
1485,1000,8000,11
1281,1000,2000,11
1247,1000,11000,11
1281,1000,20000,11
0642,1000,40,11
1281,1000,1000,11
1247,1000,1000,11
1281,1000,30000,11
1342,1000,10000,11
1439,1000,10000,11
1485,1000,8000,11
1281,1000,1000,12
1247,1000,3000,12
1281,1000,20000,12
1485,1000,8000,12
1281,1000,1000,12
1281,1000,20000,12
1342,1000,10000,12
1439,1000,10000,12
1485,1000,8000,12
1281,1000,1000,12
1439,1000,10000,12
1281,1000,20000,12
1439,1000,10000,12
1312,1,1500,2
1391,1,1200,2
1518,1,600,3
1312,1,500,3
1391,1,300,3
1427,1,300,3
1312,1,600,4
1312,1,500,4
1391,1,300,4
1427,1,300,4
1427,1,100,7
1312,1,1000,10
1391,1,1000,10
1518,1,500,10
1312,1,1000,11
1312,1,500,11
1391,1,500,11
0608,1000,21,11
1279,1000,5000,5
1279,1000,1000,6
1279,1000,20000,8
1279,1000,5000,9
1279,1000,20000,10
1279,1000,25000,12
1295,1,50000,1
1295,1,50000,2
1295,1,50000,3
1295,1,50000,3
1295,1,50000,4
1295,1,50000,5
1295,1,50000,7
1295,1,50000,8
1295,1,50000,8
1295,1,50000,9
1295,1,50000,10
1295,1,50000,11
1295,1,50000,12
1378,1,10000,1
1452,1,5000,1
1286,1,10000,1
1287,1,10000,1
1295,1,10000,1
1377,1,5000,1
1378,1,5000,1
1378,1,5000,2
1382,1,5000,2
1453,1,5000,2
1456,1,2500,2
1294,1,10000,2
1377,1,5000,2
1382,1,10000,2
1295,1,10000,2
1456,1,5000,2
1287,1,10000,2
1378,1,10000,2
1381,1,5000,2
1382,1,5000,3
1452,1,10000,3
1453,1,5000,3
1295,1,10000,3
1377,1,5000,3
1382,1,5000,3
1453,1,5000,3
1286,1,10000,3
1378,1,5000,3
1382,1,5000,3
1452,1,5000,3
1453,1,5000,3
1456,1,2500,3
1287,1,10000,4
1295,1,10000,4
1378,1,5000,4
1287,1,10000,4
1378,1,10000,4
1382,1,10000,4
1295,1,500,4
1378,1,500,4
1452,1,10000,4
1287,1,10000,4
1378,1,5000,4
1453,1,10000,4
1286,1,10000,4
1294,1,10000,4
1295,1,10000,4
1378,1,5000,4
1382,1,5000,4
1295,1,10000,5
1377,1,5000,5
1381,1,5000,5
1452,1,5000,5
1378,1,10000,5
1382,1,10000,5
1456,1,2500,5
1377,1,5000,5
1378,1,5000,5
1453,1,5000,5
1377,1,5000,5
1378,1,10000,5
1381,1,5000,5
1295,1,10000,6
1377,1,5000,6
1453,1,5000,6
1455,1,2500,6
1378,1,10000,6
1381,1,5000,6
1382,1,10000,6
1378,1,10000,6
1453,1,5000,6
1456,1,2500,6
1378,1,5000,6
1382,1,10000,6
1453,1,5000,6
1377,1,5000,7
1378,1,15000,7
1287,1,10000,7
1294,1,10000,7
1295,1,10000,7
1452,1,5000,7
1378,1,5000,7
1453,1,5000,7
1456,1,2500,7
1378,1,10000,7
1382,1,10000,7
1453,1,5000,7
1456,1,5000,7
1377,1,10000,7
1381,1,5000,7
1453,1,5000,7
1295,1,10000,8
1378,1,10000,8
1382,1,10000,8
1452,1,5000,8
1287,1,10000,8
1378,1,5000,8
1382,1,5000,8
1452,1,5000,8
1453,1,5000,8
1295,1,10000,8
1378,1,5000,8
1381,1,5000,8
1453,1,5000,8
1295,1,10000,8
1378,1,10000,8
1382,1,10000,8
1377,1,5000,8
1378,1,5000,8
1382,1,10000,8
1378,1,5000,8
1453,1,10000,8
1287,1,10000,8
1295,1,10000,8
1378,1,5000,8
1382,1,5000,8
1453,1,5000,8
1378,1,5000,9
1382,1,5000,9
1452,1,5000,9
1453,1,5000,9
1382,1,10000,9
1453,1,5000,9
1456,1,2500,9
1286,1,10000,9
1378,1,10000,9
1453,1,10000,9
1295,1,10000,9
1382,1,5000,9
1456,1,2500,9
1377,1,5000,9
1381,1,5000,9
1382,1,10000,9
1456,1,2500,9
1378,1,20000,9
1453,1,5000,9
1377,1,5000,10
1381,1,5000,10
1382,1,5000,10
1452,1,5000,10
1294,1,10000,10
1378,1,5000,10
1382,1,5000,10
1453,1,10000,10
1381,1,5000,10
1382,1,5000,10
1452,1,5000,10
1453,1,5000,10
1377,1,5000,10
1378,1,5000,10
1453,1,5000,10
1456,1,2500,10
1287,1,10000,10
1295,1,10000,10
1452,1,20000,10
1378,1,5000,10
1381,1,5000,10
1382,1,5000,10
1453,1,5000,10
1377,1,5000,10
1378,1,10000,10
1382,1,10000,10
1295,1,10000,10
1453,1,5000,10
1382,1,5000,10
1456,1,5000,10
1378,1,5000,11
1382,1,5000,11
1453,1,10000,11
1378,1,10000,11
1382,1,10000,11
1453,1,10000,11
1378,1,5000,11
1382,1,10000,11
1453,1,10000,11
1295,1,10000,11
1378,1,10000,11
1381,1,5000,11
1456,1,2500,11
1295,1,10000,11
1378,1,10000,11
1382,1,10000,11
1453,1,10000,11
1287,1,10000,12
1294,1,10000,12
1295,1,10000,12
1377,1,10000,12
1378,1,10000,12
1381,1,10000,12
1382,1,10000,12
1452,1,10000,12
1453,1,10000,12
1456,1,5000,12
1295,1,10000,12
1378,1,10000,12
1382,1,10000,12
1453,1,10000,12
1295,1,10000,12
1378,1,10000,12
1382,1,10000,12
